1	2
1	3
1	4
1	5
1	6
1	7
1	8
1	9
1	10
1	11
1	12
1	13
1	14
1	15
1	16
1	17
1	18
1	19
1	20
1	21
1	22
1	23
1	24
1	25
1	427
1	428
1	429
1	430
1	431
1	432
1	433
1	434
1	435
1	436
1	437
1	438
1	439
1	440
1	441
1	442
1	443
1	444
1	445
1	446
1	447
1	448
1	449
1	450
1	451
1	452
1	453
1	454
1	455
1	456
1	457
1	458
1	459
1	460
1	461
1	462
1	463
2	3
2	4
2	5
2	6
2	7
2	8
2	9
2	10
2	11
2	12
2	13
2	14
2	15
2	16
2	17
2	18
2	19
2	20
2	21
2	22
2	23
2	24
2	25
2	427
2	428
2	429
2	430
2	431
2	432
2	433
2	434
2	435
2	436
2	437
2	438
2	439
2	440
2	441
2	442
2	443
2	444
2	445
2	446
2	447
2	448
2	449
2	450
2	451
2	452
2	453
2	454
2	455
2	456
2	457
2	458
2	459
2	460
2	461
2	462
2	463
3	4
3	5
3	6
3	7
3	8
3	9
3	10
3	11
3	12
3	13
3	14
3	15
3	16
3	17
3	18
3	19
3	20
3	21
3	22
3	23
3	24
3	25
3	427
3	428
3	429
3	430
3	431
3	432
3	433
3	434
3	435
3	436
3	437
3	438
3	439
3	440
3	441
3	442
3	443
3	444
3	445
3	446
3	447
3	448
3	449
3	450
3	451
3	452
3	453
3	454
3	455
3	456
3	457
3	458
3	459
3	460
3	461
3	462
3	463
4	5
4	6
4	7
4	8
4	9
4	10
4	11
4	12
4	13
4	14
4	15
4	16
4	17
4	18
4	19
4	20
4	21
4	22
4	23
4	24
4	25
4	427
4	428
4	429
4	430
4	431
4	432
4	433
4	434
4	435
4	436
4	437
4	438
4	439
4	440
4	441
4	442
4	443
4	444
4	445
4	446
4	447
4	448
4	449
4	450
4	451
4	452
4	453
4	454
4	455
4	456
4	457
4	458
4	459
4	460
4	461
4	462
4	463
5	6
5	7
5	8
5	9
5	10
5	11
5	12
5	13
5	14
5	15
5	16
5	17
5	18
5	19
5	20
5	21
5	22
5	23
5	24
5	25
5	427
5	428
5	429
5	430
5	431
5	432
5	433
5	434
5	435
5	436
5	437
5	438
5	439
5	440
5	441
5	442
5	443
5	444
5	445
5	446
5	447
5	448
5	449
5	450
5	451
5	452
5	453
5	454
5	455
5	456
5	457
5	458
5	459
5	460
5	461
5	462
5	463
6	7
6	8
6	9
6	10
6	11
6	12
6	13
6	14
6	15
6	16
6	17
6	18
6	19
6	20
6	21
6	22
6	23
6	24
6	25
6	427
6	428
6	429
6	430
6	431
6	432
6	433
6	434
6	435
6	436
6	437
6	438
6	439
6	440
6	441
6	442
6	443
6	444
6	445
6	446
6	447
6	448
6	449
6	450
6	451
6	452
6	453
6	454
6	455
6	456
6	457
6	458
6	459
6	460
6	461
6	462
6	463
7	8
7	9
7	10
7	11
7	12
7	13
7	14
7	15
7	16
7	17
7	18
7	19
7	20
7	21
7	22
7	23
7	24
7	25
7	427
7	428
7	429
7	430
7	431
7	432
7	433
7	434
7	435
7	436
7	437
7	438
7	439
7	440
7	441
7	442
7	443
7	444
7	445
7	446
7	447
7	448
7	449
7	450
7	451
7	452
7	453
7	454
7	455
7	456
7	457
7	458
7	459
7	460
7	461
7	462
7	463
8	9
8	10
8	11
8	12
8	13
8	14
8	15
8	16
8	17
8	18
8	19
8	20
8	21
8	22
8	23
8	24
8	25
8	427
8	428
8	429
8	430
8	431
8	432
8	433
8	434
8	435
8	436
8	437
8	438
8	439
8	440
8	441
8	442
8	443
8	444
8	445
8	446
8	447
8	448
8	449
8	450
8	451
8	452
8	453
8	454
8	455
8	456
8	457
8	458
8	459
8	460
8	461
8	462
8	463
9	10
9	11
9	12
9	13
9	14
9	15
9	16
9	17
9	18
9	19
9	20
9	21
9	22
9	23
9	24
9	25
9	427
9	428
9	429
9	430
9	431
9	432
9	433
9	434
9	435
9	436
9	437
9	438
9	439
9	440
9	441
9	442
9	443
9	444
9	445
9	446
9	447
9	448
9	449
9	450
9	451
9	452
9	453
9	454
9	455
9	456
9	457
9	458
9	459
9	460
9	461
9	462
9	463
10	11
10	12
10	13
10	14
10	15
10	16
10	17
10	18
10	19
10	20
10	21
10	22
10	23
10	24
10	25
10	427
10	428
10	429
10	430
10	431
10	432
10	433
10	434
10	435
10	436
10	437
10	438
10	439
10	440
10	441
10	442
10	443
10	444
10	445
10	446
10	447
10	448
10	449
10	450
10	451
10	452
10	453
10	454
10	455
10	456
10	457
10	458
10	459
10	460
10	461
10	462
10	463
11	12
11	13
11	14
11	15
11	16
11	17
11	18
11	19
11	20
11	21
11	22
11	23
11	24
11	25
11	428
11	429
11	430
11	431
11	432
11	433
11	434
11	435
11	436
11	437
11	438
11	439
11	440
11	441
11	442
11	443
11	444
11	445
11	446
11	447
11	448
11	449
11	450
11	451
11	452
11	453
11	454
11	455
11	456
11	457
11	458
11	459
11	460
11	461
11	462
11	463
12	13
12	14
12	15
12	16
12	17
12	18
12	19
12	20
12	21
12	22
12	23
12	24
12	25
12	428
12	429
12	430
12	431
12	432
12	433
12	434
12	435
12	436
12	437
12	438
12	439
12	440
12	441
12	442
12	443
12	444
12	445
12	446
12	447
12	448
12	449
12	450
12	451
12	452
12	453
12	454
12	455
12	456
12	457
12	458
12	459
12	460
12	461
12	462
12	463
13	14
13	15
13	16
13	17
13	18
13	19
13	20
13	21
13	22
13	23
13	24
13	25
13	427
13	428
13	429
13	430
13	431
13	432
13	433
13	434
13	435
13	436
13	437
13	438
13	439
13	440
13	441
13	442
13	443
13	444
13	445
13	446
13	447
13	448
13	449
13	450
13	451
13	452
13	453
13	454
13	455
13	456
13	457
13	458
13	459
13	460
13	461
13	462
13	463
14	15
14	16
14	17
14	18
14	19
14	20
14	21
14	22
14	23
14	24
14	25
14	427
14	428
14	429
14	430
14	431
14	432
14	433
14	434
14	435
14	436
14	437
14	438
14	439
14	440
14	441
14	442
14	443
14	444
14	445
14	446
14	447
14	448
14	449
14	450
14	451
14	452
14	453
14	454
14	455
14	456
14	457
14	458
14	459
14	460
14	461
14	462
14	463
15	16
15	17
15	18
15	19
15	20
15	21
15	22
15	23
15	24
15	25
15	427
15	428
15	429
15	430
15	431
15	432
15	433
15	434
15	435
15	436
15	437
15	438
15	439
15	440
15	441
15	442
15	443
15	444
15	445
15	446
15	447
15	448
15	449
15	450
15	451
15	452
15	453
15	454
15	455
15	456
15	457
15	458
15	459
15	460
15	461
15	462
15	463
16	17
16	18
16	19
16	20
16	21
16	22
16	23
16	24
16	25
16	428
16	429
16	430
16	431
16	432
16	433
16	434
16	435
16	436
16	437
16	438
16	439
16	440
16	441
16	442
16	443
16	444
16	445
16	446
16	447
16	448
16	449
16	450
16	451
16	452
16	453
16	454
16	455
16	456
16	457
16	458
16	459
16	460
16	461
16	462
16	463
17	18
17	19
17	20
17	21
17	22
17	23
17	24
17	25
17	427
17	428
17	429
17	430
17	431
17	432
17	433
17	434
17	435
17	436
17	437
17	438
17	439
17	440
17	441
17	442
17	443
17	444
17	445
17	446
17	447
17	448
17	449
17	450
17	451
17	452
17	453
17	454
17	455
17	456
17	457
17	458
17	459
17	460
17	461
17	462
17	463
18	19
18	20
18	21
18	22
18	23
18	24
18	25
18	427
18	428
18	429
18	430
18	431
18	432
18	433
18	434
18	435
18	436
18	437
18	438
18	439
18	440
18	441
18	442
18	443
18	444
18	445
18	446
18	447
18	448
18	449
18	450
18	451
18	452
18	453
18	454
18	455
18	456
18	457
18	458
18	459
18	460
18	461
18	462
18	463
19	20
19	21
19	22
19	23
19	24
19	25
19	427
19	428
19	429
19	430
19	431
19	432
19	433
19	434
19	435
19	436
19	437
19	438
19	439
19	440
19	441
19	442
19	443
19	444
19	445
19	446
19	447
19	448
19	449
19	450
19	451
19	452
19	453
19	454
19	455
19	456
19	457
19	458
19	459
19	460
19	461
19	462
19	463
20	21
20	22
20	23
20	24
20	25
20	428
20	429
20	430
20	431
20	432
20	433
20	434
20	435
20	436
20	437
20	438
20	439
20	440
20	441
20	442
20	443
20	444
20	445
20	446
20	447
20	448
20	449
20	450
20	451
20	452
20	453
20	454
20	455
20	456
20	457
20	458
20	459
20	460
20	461
20	462
20	463
21	22
21	23
21	24
21	25
21	428
21	429
21	430
21	431
21	432
21	433
21	434
21	435
21	436
21	437
21	438
21	439
21	440
21	441
21	442
21	443
21	444
21	445
21	446
21	447
21	448
21	449
21	450
21	451
21	452
21	453
21	454
21	455
21	456
21	457
21	458
21	459
21	460
21	461
21	462
21	463
22	23
22	24
22	25
22	428
22	429
22	430
22	431
22	432
22	433
22	434
22	435
22	436
22	437
22	438
22	439
22	440
22	441
22	442
22	443
22	444
22	445
22	446
22	447
22	448
22	449
22	450
22	451
22	452
22	453
22	454
22	455
22	456
22	457
22	458
22	459
22	460
22	461
22	462
22	463
23	24
23	25
23	427
23	428
23	429
23	430
23	431
23	432
23	433
23	434
23	435
23	436
23	437
23	438
23	439
23	440
23	441
23	442
23	443
23	444
23	445
23	446
23	447
23	448
23	449
23	450
23	451
23	452
23	453
23	454
23	455
23	456
23	457
23	458
23	459
23	460
23	461
23	462
23	463
24	25
24	426
24	427
24	428
24	429
24	430
24	431
24	432
24	433
24	434
24	435
24	436
24	437
24	438
24	439
24	440
24	441
24	442
24	443
24	444
24	445
24	446
24	447
24	448
24	449
24	450
24	451
24	452
24	453
24	454
24	455
24	456
24	457
24	458
24	459
24	460
24	461
24	462
24	463
25	26
25	418
25	419
25	420
25	421
25	422
25	423
25	424
25	425
25	426
25	427
25	428
25	429
25	430
25	431
25	432
25	433
25	434
25	435
25	436
25	437
25	438
25	439
25	440
25	441
25	442
25	443
25	444
25	445
25	446
25	447
25	448
25	449
25	450
25	451
25	452
25	453
25	454
25	455
25	456
25	457
25	458
25	459
25	460
25	461
25	462
25	463
26	27
26	417
26	418
26	419
26	420
26	421
26	422
26	423
26	424
26	425
26	426
26	427
26	428
26	429
26	430
26	431
26	432
26	433
26	434
26	435
26	436
26	437
26	438
26	439
26	440
26	441
26	442
26	443
26	444
26	445
26	446
26	447
27	28
27	417
27	418
27	419
27	420
27	421
27	422
27	423
27	424
27	425
27	426
28	29
28	416
28	417
29	30
29	415
29	416
30	31
30	415
31	32
31	414
32	33
33	34
34	35
35	36
36	37
37	38
38	39
39	40
40	41
41	42
42	43
43	44
44	45
45	46
46	47
47	48
48	49
49	50
49	373
50	51
50	373
51	52
51	373
51	374
52	53
52	374
52	375
53	54
53	292
53	375
54	55
54	291
54	292
55	56
55	290
55	291
56	57
56	271
56	290
57	58
57	271
57	272
57	289
58	59
58	272
58	273
59	60
59	273
59	274
60	61
60	181
60	274
61	62
61	180
61	181
62	63
62	179
62	180
63	64
63	169
63	179
64	65
64	169
64	170
64	178
65	66
65	170
65	171
66	67
66	71
66	171
67	68
67	69
67	70
67	71
67	172
68	69
68	70
69	70
70	71
71	72
72	73
73	74
74	75
75	76
76	77
77	78
78	79
79	80
80	81
81	82
82	83
83	84
84	85
85	86
86	87
87	88
88	89
89	90
90	91
91	92
92	93
93	94
94	95
95	96
96	97
97	98
98	99
99	100
100	101
101	102
102	103
103	104
104	105
105	106
106	107
107	108
108	109
109	110
110	111
111	112
112	113
113	114
114	115
115	116
116	117
117	118
118	119
119	120
120	121
120	122
121	122
121	123
122	123
123	124
124	125
125	126
126	127
127	128
128	129
129	130
130	131
131	132
132	133
133	134
134	135
135	136
136	137
137	138
138	139
139	140
140	141
141	142
142	143
143	144
144	145
145	146
146	147
147	148
148	149
149	150
150	151
151	152
152	153
153	154
154	155
155	156
156	157
157	158
158	159
159	160
160	161
161	162
162	163
163	164
164	165
165	183
166	167
167	168
168	169
169	170
170	171
171	172
172	173
172	174
173	174
173	175
174	175
174	176
175	176
176	177
177	178
178	179
179	180
180	181
181	182
182	183
183	184
184	185
185	186
186	187
187	188
188	189
189	190
190	191
191	192
192	193
193	194
194	195
195	196
196	197
197	198
198	199
199	200
200	201
201	202
202	203
203	204
204	205
205	206
206	207
207	208
208	209
209	210
210	211
211	212
212	213
213	214
214	215
215	216
216	217
217	218
218	219
219	220
220	221
221	222
222	223
223	224
224	225
225	226
226	227
226	228
227	228
227	229
228	229
228	230
229	230
230	231
231	232
232	233
233	234
234	235
235	236
236	237
237	238
238	239
239	240
240	241
241	242
242	243
243	244
244	245
245	246
246	247
247	248
248	249
249	250
250	251
251	252
252	253
253	254
254	255
255	256
256	257
257	258
258	259
259	260
260	261
261	262
262	263
263	264
264	265
265	266
266	267
267	268
268	269
269	270
270	271
271	272
272	273
273	274
274	275
275	276
276	277
277	278
278	279
279	280
279	281
280	281
280	282
281	282
281	283
282	283
283	284
284	285
285	286
286	287
287	288
288	289
289	290
290	291
291	292
292	293
293	294
294	295
295	296
296	297
297	298
298	299
299	300
300	301
301	302
302	303
303	304
304	305
305	306
306	307
307	308
308	309
309	310
310	311
311	312
312	313
313	355
314	315
315	316
316	317
317	318
318	319
319	320
320	321
321	322
322	323
323	324
324	344
325	343
326	327
327	341
328	340
329	339
330	338
331	337
332	333
332	334
332	335
333	334
333	335
334	335
334	336
335	336
336	337
337	338
338	339
339	340
340	341
341	342
342	343
343	344
344	345
345	346
346	347
347	348
348	349
349	350
350	351
351	352
352	353
353	354
354	355
355	356
356	357
357	358
358	359
359	360
360	361
361	362
362	363
363	364
364	365
365	366
366	367
367	368
368	369
369	370
370	371
371	372
372	373
373	374
374	375
375	376
376	377
377	378
378	379
379	380
380	381
381	382
382	389
383	384
383	387
383	388
384	385
384	386
384	387
385	386
385	387
386	387
387	388
388	389
389	390
390	391
391	392
392	393
393	394
394	395
395	396
396	397
397	398
398	399
399	400
400	401
401	402
402	403
403	404
404	405
405	406
406	407
407	408
408	409
409	410
410	411
411	412
412	413
413	414
414	415
415	416
416	417
417	418
417	419
417	420
417	421
417	422
417	423
417	424
417	425
417	426
417	427
418	419
418	420
418	421
418	422
418	423
418	424
418	425
418	426
418	427
418	428
418	429
418	430
418	431
418	432
418	433
418	434
418	435
418	436
418	437
418	438
418	439
418	440
418	441
418	442
418	443
418	444
418	445
418	446
418	447
419	420
419	421
419	422
419	423
419	424
419	425
419	426
419	427
419	428
419	429
419	430
419	431
419	432
419	433
419	434
419	435
419	436
419	437
419	438
419	439
419	440
419	441
419	442
419	443
419	444
419	445
419	446
419	447
420	421
420	422
420	423
420	424
420	425
420	426
420	427
420	428
420	429
420	430
420	431
420	432
420	433
420	434
420	435
420	436
420	437
420	438
420	439
420	440
420	441
420	442
420	443
420	444
420	445
420	446
420	447
421	422
421	423
421	424
421	425
421	426
421	427
421	428
421	429
421	430
421	431
421	432
421	433
421	434
421	435
421	436
421	437
421	438
421	439
421	440
421	441
421	442
421	443
421	444
421	445
421	446
421	447
422	423
422	424
422	425
422	426
422	427
422	428
422	429
422	430
422	431
422	432
422	433
422	434
422	435
422	436
422	437
422	438
422	439
422	440
422	441
422	442
422	443
422	444
422	445
422	446
422	447
422	448
423	424
423	425
423	426
423	427
423	428
423	429
423	430
423	431
423	432
423	433
423	434
423	435
423	436
423	437
423	438
423	439
423	440
423	441
423	442
423	443
423	444
423	445
423	446
423	447
423	448
424	425
424	426
424	427
424	428
424	429
424	430
424	431
424	432
424	433
424	434
424	435
424	436
424	437
424	438
424	439
424	440
424	441
424	442
424	443
424	444
424	445
424	446
424	447
424	448
425	426
425	427
425	428
425	429
425	430
425	431
425	432
425	433
425	434
425	435
425	436
425	437
425	438
425	439
425	440
425	441
425	442
425	443
425	444
425	445
425	446
425	447
425	448
426	427
426	428
426	429
426	430
426	431
426	432
426	433
426	434
426	435
426	436
426	437
426	438
426	439
426	440
426	441
426	442
426	443
426	444
426	445
426	446
426	447
426	448
427	428
427	429
427	430
427	431
427	432
427	433
427	434
427	435
427	436
427	437
427	438
427	439
427	440
427	441
427	442
427	443
427	444
427	445
427	446
427	447
427	448
427	449
428	429
428	430
428	431
428	432
428	433
428	434
428	435
428	436
428	437
428	438
428	439
428	440
428	441
428	442
428	443
428	444
428	445
428	446
428	447
428	448
428	449
428	450
428	451
428	452
428	453
428	454
428	455
428	456
428	457
428	458
428	459
428	460
428	461
428	462
428	463
429	430
429	431
429	432
429	433
429	434
429	435
429	436
429	437
429	438
429	439
429	440
429	441
429	442
429	443
429	444
429	445
429	446
429	447
429	448
429	449
429	450
429	451
429	452
429	453
429	454
429	455
429	456
429	457
429	458
429	459
429	460
429	461
429	462
429	463
430	431
430	432
430	433
430	434
430	435
430	436
430	437
430	438
430	439
430	440
430	441
430	442
430	443
430	444
430	445
430	446
430	447
430	448
430	449
430	450
430	451
430	452
430	453
430	454
430	455
430	456
430	457
430	458
430	459
430	460
430	461
430	462
430	463
431	432
431	433
431	434
431	435
431	436
431	437
431	438
431	439
431	440
431	441
431	442
431	443
431	444
431	445
431	446
431	447
431	448
431	449
431	450
431	451
431	452
431	453
431	454
431	455
431	456
431	457
431	458
431	459
431	460
431	461
431	462
431	463
432	433
432	434
432	435
432	436
432	437
432	438
432	439
432	440
432	441
432	442
432	443
432	444
432	445
432	446
432	447
432	448
432	449
432	450
432	451
432	452
432	453
432	454
432	455
432	456
432	457
432	458
432	459
432	460
432	461
432	462
432	463
433	434
433	435
433	436
433	437
433	438
433	439
433	440
433	441
433	442
433	443
433	444
433	445
433	446
433	447
433	448
433	449
433	450
433	451
433	452
433	453
433	454
433	455
433	456
433	457
433	458
433	459
433	460
433	461
433	462
433	463
434	435
434	436
434	437
434	438
434	439
434	440
434	441
434	442
434	443
434	444
434	445
434	446
434	447
434	448
434	449
434	450
434	451
434	452
434	453
434	454
434	455
434	456
434	457
434	458
434	459
434	460
434	461
434	462
434	463
435	436
435	437
435	438
435	439
435	440
435	441
435	442
435	443
435	444
435	445
435	446
435	447
435	448
435	449
435	450
435	451
435	452
435	453
435	454
435	455
435	456
435	457
435	458
435	459
435	460
435	461
435	462
435	463
436	437
436	438
436	439
436	440
436	441
436	442
436	443
436	444
436	445
436	446
436	447
436	448
436	449
436	450
436	451
436	452
436	453
436	454
436	455
436	456
436	457
436	458
436	459
436	460
436	461
436	462
436	463
437	438
437	439
437	440
437	441
437	442
437	443
437	444
437	445
437	446
437	447
437	448
437	449
437	450
437	451
437	452
437	453
437	454
437	455
437	456
437	457
437	458
437	459
437	460
437	461
437	462
437	463
438	439
438	440
438	441
438	442
438	443
438	444
438	445
438	446
438	447
438	448
438	449
438	450
438	451
438	452
438	453
438	454
438	455
438	456
438	457
438	458
438	459
438	460
438	461
438	462
438	463
439	440
439	441
439	442
439	443
439	444
439	445
439	446
439	447
439	448
439	449
439	450
439	451
439	452
439	453
439	454
439	455
439	456
439	457
439	458
439	459
439	460
439	461
439	462
439	463
440	441
440	442
440	443
440	444
440	445
440	446
440	447
440	448
440	449
440	450
440	451
440	452
440	453
440	454
440	455
440	456
440	457
440	458
440	459
440	460
440	461
440	462
440	463
441	442
441	443
441	444
441	445
441	446
441	447
441	448
441	449
441	450
441	451
441	452
441	453
441	454
441	455
441	456
441	457
441	458
441	459
441	460
441	461
441	462
441	463
442	443
442	444
442	445
442	446
442	447
442	448
442	449
442	450
442	451
442	452
442	453
442	454
442	455
442	456
442	457
442	458
442	459
442	460
442	461
442	462
442	463
443	444
443	445
443	446
443	447
443	448
443	449
443	450
443	451
443	452
443	453
443	454
443	455
443	456
443	457
443	458
443	459
443	460
443	461
443	462
443	463
444	445
444	446
444	447
444	448
444	449
444	450
444	451
444	452
444	453
444	454
444	455
444	456
444	457
444	458
444	459
444	460
444	461
444	462
444	463
445	446
445	447
445	448
445	449
445	450
445	451
445	452
445	453
445	454
445	455
445	456
445	457
445	458
445	459
445	460
445	461
445	462
445	463
446	447
446	448
446	449
446	450
446	451
446	452
446	453
446	454
446	455
446	456
446	457
446	458
446	459
446	460
446	461
446	462
446	463
447	448
447	449
447	450
447	451
447	452
447	453
447	454
447	455
447	456
447	457
447	458
447	459
447	460
447	461
447	462
447	463
448	449
448	450
448	451
448	452
448	453
448	454
448	455
448	456
448	457
448	458
448	459
448	460
448	461
448	462
448	463
449	450
449	451
449	452
449	453
449	454
449	455
449	456
449	457
449	458
449	459
449	460
449	461
449	462
449	463
450	451
450	452
450	453
450	454
450	455
450	456
450	457
450	458
450	459
450	460
450	461
450	462
450	463
451	452
451	453
451	454
451	455
451	456
451	457
451	458
451	459
451	460
451	461
451	462
451	463
452	453
452	454
452	455
452	456
452	457
452	458
452	459
452	460
452	461
452	462
452	463
453	454
453	455
453	456
453	457
453	458
453	459
453	460
453	461
453	462
453	463
454	455
454	456
454	457
454	458
454	459
454	460
454	461
454	462
454	463
455	456
455	457
455	458
455	459
455	460
455	461
455	462
455	463
456	457
456	458
456	459
456	460
456	461
456	462
456	463
457	458
457	459
457	460
457	461
457	462
457	463
458	459
458	460
458	461
458	462
458	463
459	460
459	461
459	462
459	463
460	461
460	462
460	463
461	462
461	463
462	463
