300.265   2.85056   1.81535   -0.0891075   
592.153   2.92589   1.93234   0.361388   
215.332   3.92982   1.69665   -0.576904   
531.734   4.25336   1.84004   0.00831216   
95.1995   4.92813   1.8048   -0.131149   
561.186   4.96187   1.7554   -0.331342   
26.3676   7.12202   1.77661   -0.244726   
124.342   7.0383   1.86936   0.122361   
520.271   6.43788   1.84056   0.0103753   
520.271   6.43788   1.84056   0.0103753   
360.076   7.75501   1.85014   0.0478089   
409.524   9.39775   2.21715   1.35319   
482.955   11.7744   1.8329   -0.0197154   
528.529   11.5842   1.86585   0.1088   
563.955   12.1351   1.71179   -0.512842   
13.4168   12.7148   1.9592   0.460958   
13.4168   12.7148   1.9592   0.460958   
278.049   14.138   1.93567   0.373813   
421.003   14.5978   1.78014   -0.230404   
537.492   14.5686   1.72626   -0.45213   
209.776   16.1542   1.83494   -0.0116838   
209.776   16.1542   1.83494   -0.0116838   
549.953   16.1674   1.79911   -0.153947   
549.953   16.1674   1.79911   -0.153947   
62.9313   16.7793   1.75623   -0.32795   
90.436   16.8466   2.02502   0.699307   
441.964   18.2049   1.83682   -0.00429519   
7.25532   20.4248   1.7401   -0.394499   
7.25532   20.4248   1.7401   -0.394499   
173.409   20.7125   1.79189   -0.182952   
257.922   21.0248   1.73534   -0.414276   
262.148   22.9993   1.76678   -0.284753   
333.978   23.2099   1.91478   0.295521   
535.043   23.8674   1.83395   -0.0155971   
535.043   23.8674   1.83395   -0.0155971   
485.939   24.608   1.81703   -0.0824334   
570.915   25.186   1.9543   0.442889   
570.915   25.186   1.9543   0.442889   
185.528   28.0383   1.66167   -0.727173   
185.528   28.0383   1.66167   -0.727173   
36.7508   29.3714   1.81147   -0.10454   
155.141   32.9601   1.71372   -0.50471   
486.492   32.9248   1.90534   0.259899   
497.702   33.1593   1.81716   -0.0819327   
216.335   33.8188   1.90742   0.267737   
18.359   35.1742   1.8361   -0.00714038   
18.359   35.1742   1.8361   -0.00714038   
111.813   34.8944   1.78189   -0.22333   
184.416   34.9293   1.81391   -0.0948313   
192.533   35.1192   1.73885   -0.399686   
482.029   36.4019   1.72775   -0.445905   
525.06   37.2323   1.76386   -0.296682   
525.06   37.2323   1.76386   -0.296682   
591.242   39.0903   1.83089   -0.0276156   
413.603   39.8576   1.77781   -0.239858   
438.327   40.471   1.87976   0.162387   
474.405   42.0492   2.00082   0.612604   
19.6997   43.0752   1.93004   0.352777   
105.122   44.6178   2.18541   1.24916   
291.826   43.8757   2.03002   0.717122   
534.831   44.6502   1.74349   -0.380485   
444.402   46.3934   1.7149   -0.499752   
400.821   47.0153   1.77121   -0.266665   
55.5822   49.215   1.80457   -0.132076   
80.0757   48.6104   1.96398   0.478553   
354.198   48.9493   1.90304   0.251153   
549.855   49.2951   1.76791   -0.280147   
274.196   50.3481   1.79296   -0.178645   
84.9166   53.1685   1.99775   0.601538   
322.929   52.7887   1.78439   -0.213188   
67.9221   53.1607   1.83216   -0.0226511   
114.384   56.1745   1.8068   -0.123172   
567.558   55.6962   1.91124   0.282193   
159.789   56.7998   2.09275   0.936651   
468.192   56.8857   1.80252   -0.140291   
89.5189   58.5042   1.78672   -0.203799   
165.907   60.1378   1.87807   0.155904   
307.837   61.6489   1.64022   -0.820905   
359.416   61.812   1.96566   0.484693   
302.908   63.2158   1.76804   -0.279594   
593.833   63.7845   1.84007   0.00845417   
415.271   66.4861   1.86444   0.103363   
415.271   66.4861   1.86444   0.103363   
354.755   68.4086   1.87232   0.133784   
442.179   68.9242   1.86971   0.123731   
357.627   73.2086   1.83528   -0.0103525   
377.149   72.7139   1.89748   0.230064   
467.062   73.0972   1.96098   0.467527   
24.8567   75.1612   1.79948   -0.152446   
227.134   76.3901   1.92662   0.339991   
3.54919   76.6643   1.6166   -0.92553   
397.081   76.8692   1.72139   -0.472507   
397.081   76.8692   1.72139   -0.472507   
283.018   77.8381   1.7265   -0.451127   
164.393   80.1838   1.70163   -0.555784   
304.824   79.532   1.80386   -0.134926   
304.824   79.532   1.80386   -0.134926   
402.058   83.7062   1.91543   0.297998   
474.825   86.4558   2.04521   0.770893   
560.72   85.5458   1.77158   -0.265185   
498.722   89.2615   1.9085   0.271838   
544.985   91.1262   1.8025   -0.140382   
192.644   91.6646   1.73079   -0.433206   
348.244   92.0465   1.93315   0.364424   
545.261   96.4209   1.87799   0.15558   
245.512   98.0962   1.89542   0.222225   
370.324   98.1711   1.71596   -0.495286   
356.299   98.5218   2.00316   0.621033   
179.512   100.486   1.74031   -0.393619   
281.911   99.5282   1.76054   -0.310261   
281.911   99.5282   1.76054   -0.310261   
375.589   100.478   1.75328   -0.340096   
375.589   100.478   1.75328   -0.340096   
382.316   101.762   1.6001   -0.999559   
454.299   101.329   1.9794   0.534974   
454.299   101.329   1.9794   0.534974   
577.394   102.116   1.93312   0.364294   
10.8999   104.112   1.79806   -0.158147   
145.319   105.652   1.63598   -0.839592   
326.985   108.02   1.74821   -0.360956   
378.676   109.071   1.99693   0.598565   
503.284   109.912   1.90304   0.251185   
503.284   109.912   1.90304   0.251185   
174.761   110.451   2.25471   1.47436   
590.645   112.353   1.92653   0.339681   
590.645   112.353   1.92653   0.339681   
166.395   114.443   2.04273   0.762127   
166.395   114.443   2.04273   0.762127   
166.395   114.443   2.04273   0.762127   
191.377   113.899   1.85049   0.0491798   
58.0056   116.838   1.95417   0.442434   
318.296   116.636   1.65604   -0.751684   
388.928   117.116   1.79003   -0.190429   
582.881   117.37   1.6611   -0.729676   
287.251   117.964   1.72765   -0.446295   
287.251   117.964   1.72765   -0.446295   
41.0353   119.162   1.8036   -0.135971   
363.274   118.775   1.92107   0.3192   
363.274   118.775   1.92107   0.3192   
457.074   119.926   1.79155   -0.184317   
306.248   122.187   1.78381   -0.21556   
76.087   123.389   1.90125   0.244385   
237.045   122.939   1.848   0.0394528   
529.455   123.193   2.00034   0.610853   
529.455   123.193   2.00034   0.610853   
179.994   123.641   1.91671   0.302803   
506.763   123.89   1.77548   -0.249308   
193.28   124.809   2.06314   0.833848   
250.333   124.791   1.81118   -0.105717   
402.944   124.934   1.76565   -0.28938   
114.445   126.446   1.66299   -0.721444   
114.445   126.446   1.66299   -0.721444   
188.992   132.839   1.86315   0.0983548   
364.085   134.381   1.81633   -0.0852086   
546.664   134.192   1.68743   -0.616223   
546.664   134.192   1.68743   -0.616223   
48.0757   136.531   2.12741   1.05514   
170.726   135.464   1.90052   0.241614   
170.726   135.464   1.90052   0.241614   
345.597   135.922   1.87598   0.147845   
345.597   135.922   1.87598   0.147845   
107.175   137.012   1.86157   0.092221   
218.184   138.62   1.79887   -0.154896   
177.401   139.477   2.06329   0.834366   
177.401   139.477   2.06329   0.834366   
226.355   140.315   2.10104   0.965161   
226.355   140.315   2.10104   0.965161   
265.916   140.011   1.90437   0.256201   
346.948   141.526   1.95666   0.451609   
300.188   142.795   1.8228   -0.0595797   
187.272   144.901   1.79053   -0.188425   
226.73   145.523   1.86685   0.112672   
138.061   147.91   1.99532   0.592755   
138.061   147.91   1.99532   0.592755   
328.903   147.755   1.90303   0.251127   
328.903   147.755   1.90303   0.251127   
487.73   147.7   1.85128   0.0522498   
487.73   147.7   1.85128   0.0522498   
487.73   147.7   1.85128   0.0522498   
381.333   149.311   1.8223   -0.0615699   
391.801   151.214   1.77525   -0.250238   
458.98   150.667   2.18424   1.24531   
458.98   150.667   2.18424   1.24531   
586.693   150.868   1.80091   -0.146742   
586.693   150.868   1.80091   -0.146742   
463.883   151.885   1.84988   0.0467932   
228.833   152.655   1.73   -0.4365   
494.518   154.144   1.75992   -0.312801   
193.964   155.603   1.91867   0.310186   
312.861   155.466   2.01668   0.669547   
337.054   157.699   1.76674   -0.284903   
153.359   158.745   1.76373   -0.29723   
524.087   159.209   1.93706   0.378994   
538.539   159.035   1.80668   -0.123644   
538.539   159.035   1.80668   -0.123644   
577.557   160.92   1.79278   -0.179375   
577.557   160.92   1.79278   -0.179375   
5.69044   161.655   1.78606   -0.206452   
5.69044   161.655   1.78606   -0.206452   
453.329   162.321   1.94934   0.424563   
317.722   162.859   1.66206   -0.725492   
552.451   163.211   1.75388   -0.337613   
144.602   164.154   1.74185   -0.387259   
424.943   164.382   1.72901   -0.440619   
517.254   165.778   2.0242   0.696386   
517.254   165.778   2.0242   0.696386   
489.332   167.055   1.94181   0.396652   
241.999   169.618   1.96914   0.497461   
220.144   170.638   1.88057   0.165489   
543.213   171.192   1.82146   -0.0648698   
543.213   171.192   1.82146   -0.0648698   
347.098   172.235   1.94051   0.391832   
456.791   172.663   1.99611   0.59559   
596.068   174.238   1.71829   -0.485473   
596.068   174.238   1.71829   -0.485473   
338.321   174.581   1.80406   -0.134108   
515.788   174.928   1.72512   -0.456878   
550.347   175.871   1.85912   0.0827453   
550.347   175.871   1.85912   0.0827453   
309.789   177.021   1.79877   -0.155301   
363.522   177.349   1.95117   0.431353   
363.522   177.349   1.95117   0.431353   
415.689   176.614   1.98225   0.545343   
415.689   176.614   1.98225   0.545343   
542.356   176.852   1.8248   -0.0516747   
542.356   176.852   1.8248   -0.0516747   
369.316   179.927   1.8253   -0.04969   
369.316   179.927   1.8253   -0.04969   
146.79   184.247   1.92738   0.342857   
146.79   184.247   1.92738   0.342857   
247.069   187.134   1.77461   -0.252848   
532.556   188.207   1.92169   0.321527   
151.831   189.56   2.04574   0.772753   
151.831   189.56   2.04574   0.772753   
325.703   190.268   1.8585   0.0803323   
433.188   190.094   1.97792   0.529563   
462.471   189.916   2.01365   0.658698   
544.409   190.027   2.00889   0.641619   
17.7987   191.757   1.73598   -0.411588   
214.771   193.103   1.89726   0.229221   
426.689   192.998   1.76089   -0.308822   
426.689   192.998   1.76089   -0.308822   
464.582   193.602   1.78928   -0.193482   
255.582   195.278   1.91118   0.281952   
361.354   195.574   2.03309   0.728002   
188.315   197.817   1.90556   0.26071   
430.341   197.898   1.78416   -0.214116   
430.341   197.898   1.78416   -0.214116   
85.7337   199.249   1.8037   -0.13556   
283.474   198.825   2.22052   1.36413   
384.741   199.248   1.71273   -0.50886   
464.998   198.91   1.73854   -0.40098   
464.998   198.91   1.73854   -0.40098   
113.77   201.782   1.81579   -0.087357   
269.536   207.063   1.80728   -0.121249   
84.2807   208.121   1.89668   0.227035   
189.92   207.997   1.79335   -0.177081   
359.989   208.204   1.80768   -0.119652   
259.229   208.567   2.01504   0.66368   
259.229   208.567   2.01504   0.66368   
336.993   208.971   1.80834   -0.11704   
103.145   210.267   1.74165   -0.388094   
196.865   209.725   1.69221   -0.595814   
391.356   210.154   2.00938   0.643394   
136.153   211.599   1.74517   -0.373529   
136.153   211.599   1.74517   -0.373529   
136.153   211.599   1.74517   -0.373529   
269.58   211.954   1.86086   0.0894692   
277.88   214.109   1.86132   0.0912603   
277.88   214.109   1.86132   0.0912603   
150.189   216.86   1.94787   0.419121   
275.042   218.978   1.81949   -0.0726865   
586.213   219.078   1.81683   -0.0832546   
140.004   220.809   1.97173   0.506943   
316.488   221.442   1.96682   0.488968   
316.488   221.442   1.96682   0.488968   
187.146   222.07   1.82398   -0.0549148   
595.177   222.098   1.71248   -0.509918   
172.628   223.45   1.83487   -0.0119804   
305.794   224.215   1.95908   0.460516   
444.701   223.781   1.62263   -0.89867   
41.0173   226.479   1.88987   0.201077   
523.861   226.104   1.72761   -0.446477   
523.861   226.104   1.72761   -0.446477   
266.179   227.035   1.70498   -0.541589   
266.179   227.035   1.70498   -0.541589   
408.924   227.348   2.02272   0.691137   
408.924   227.348   2.02272   0.691137   
17.5697   228.868   1.69401   -0.588134   
17.5697   228.868   1.69401   -0.588134   
283.851   229.046   1.87833   0.15689   
548.404   229.657   1.77533   -0.24991   
207.342   231.072   1.93337   0.365222   
156.307   233.324   1.98513   0.555823   
286.277   234.494   1.91207   0.285312   
126.691   234.924   1.90948   0.27553   
325.982   234.661   1.90383   0.254179   
388.695   234.9   1.75104   -0.349281   
242.448   236.419   1.80419   -0.133586   
81.3594   238.15   2.02703   0.706464   
583.897   237.565   1.80637   -0.124893   
214.678   238.956   1.90329   0.252104   
368.535   239.502   1.68299   -0.635221   
487.515   240.151   1.7716   -0.265099   
487.515   240.151   1.7716   -0.265099   
487.515   240.151   1.7716   -0.265099   
516.087   241.019   1.87712   0.152252   
269.63   241.933   1.98005   0.537329   
269.63   241.933   1.98005   0.537329   
336.37   241.785   1.8723   0.13369   
320.328   245.752   1.74676   -0.366956   
152.172   247.222   1.97093   0.504024   
356.939   246.607   1.83487   -0.0119725   
63.719   247.69   1.77286   -0.25996   
63.719   247.69   1.77286   -0.25996   
266.642   248.979   1.83999   0.00812338   
444.493   249.026   1.73871   -0.400287   
507.716   248.784   1.82883   -0.0357543   
239.213   250.642   1.92862   0.34747   
254.618   251.869   1.96744   0.491242   
39.0759   254.205   1.84406   0.0240689   
57.8266   254.327   1.80335   -0.136977   
267.898   253.95   1.71128   -0.514969   
457.73   254.127   1.99289   0.583965   
364.588   254.482   1.7678   -0.280574   
382.318   256.418   1.6157   -0.929579   
382.318   256.418   1.6157   -0.929579   
345.556   257.949   1.91786   0.307113   
592.861   258.083   1.79359   -0.176095   
185.758   258.626   1.74802   -0.361735   
466.384   259.852   1.92155   0.320977   
466.384   259.852   1.92155   0.320977   
475.766   260.124   1.74555   -0.371931   
307.45   262.181   1.65341   -0.763145   
324.554   262.556   1.94069   0.392504   
428.718   263.346   1.67546   -0.667582   
480.158   263.604   1.87692   0.151478   
270.551   265.654   1.70409   -0.545353   
540.735   266.161   1.87309   0.136731   
540.735   266.161   1.87309   0.136731   
43.1234   268.347   1.91971   0.314089   
92.8439   268.398   1.91516   0.296957   
309.13   268.349   1.73998   -0.394998   
309.13   268.349   1.73998   -0.394998   
280.526   270.01   1.74435   -0.376931   
364.352   272.85   1.84068   0.0108315   
3.41302   275.344   1.86018   0.0868435   
3.41302   275.344   1.86018   0.0868435   
91.7817   274.779   1.92377   0.329327   
454.407   277.769   1.88142   0.168746   
79.7759   282.76   1.87525   0.145067   
112.068   290.365   1.82414   -0.054294   
223.911   290.215   1.78024   -0.229985   
223.911   290.215   1.78024   -0.229985   
591.488   290.123   1.90533   0.259833   
212.214   292.416   1.87528   0.145155   
587.22   291.91   1.75625   -0.32786   
261.885   292.633   1.76795   -0.279979   
126.158   294.424   1.94645   0.413862   
362.003   293.648   1.84738   0.0370323   
181.7   296.221   1.70118   -0.557664   
144.71   296.74   1.90646   0.264121   
144.71   296.74   1.90646   0.264121   
367.733   296.383   1.80545   -0.128547   
381.405   297.519   2.18338   1.24247   
45.3497   297.518   1.999   0.606021   
99.942   300.831   1.76917   -0.27499   
349.756   300.856   1.90581   0.261647   
349.756   300.856   1.90581   0.261647   
427.278   301.204   1.78849   -0.196669   
427.278   301.204   1.78849   -0.196669   
71.6536   301.684   1.89253   0.211208   
394.502   301.95   1.72147   -0.472144   
381.649   302.765   1.84249   0.0179258   
338.132   304.423   1.64931   -0.781029   
315.709   305.19   1.74489   -0.374666   
334.056   306.484   1.83241   -0.0216645   
433.721   306.103   1.84975   0.0462928   
591.019   305.555   1.81796   -0.0787668   
106.821   307.681   1.94015   0.390464   
122.617   309.766   1.73931   -0.397793   
350.855   309.641   1.84643   0.0333155   
350.855   309.641   1.84643   0.0333155   
436.283   310.192   1.8945   0.218742   
424.566   311.204   1.99663   0.597473   
89.4335   311.773   1.82832   -0.0377731   
266.573   312.422   1.76634   -0.286551   
99.8621   312.918   1.69021   -0.604341   
240.349   313.652   1.85942   0.0838898   
593.935   314.013   1.92746   0.343164   
246.485   316.558   1.73249   -0.426108   
246.485   316.558   1.73249   -0.426108   
215.631   316.669   1.9674   0.491077   
567.492   316.632   1.67516   -0.668856   
190.25   318.58   2.06578   0.843077   
190.25   318.58   2.06578   0.843077   
345.81   318.601   1.80095   -0.146581   
115.023   321.805   1.80188   -0.142844   
229.953   321.689   1.92162   0.321258   
489.764   321.985   1.72027   -0.477195   
311.596   323.058   1.68991   -0.605643   
311.596   323.058   1.68991   -0.605643   
533.115   322.493   1.95928   0.461276   
533.115   322.493   1.95928   0.461276   
593.907   324.092   1.79707   -0.162111   
325.225   326.931   1.72905   -0.440481   
262.419   329.902   1.83572   -0.0086137   
262.419   329.902   1.83572   -0.0086137   
205.039   332.072   1.72145   -0.47223   
205.039   332.072   1.72145   -0.47223   
526.414   332.012   1.89054   0.203637   
316.458   339.148   1.75437   -0.335597   
512.336   339.207   2.04245   0.761157   
552.098   339.211   1.84269   0.0186892   
325.999   340.978   1.86911   0.121409   
325.999   340.978   1.86911   0.121409   
449.563   342.427   1.85846   0.0801701   
449.563   342.427   1.85846   0.0801701   
495.144   341.529   1.86133   0.0913048   
345.957   343.246   1.8995   0.237727   
470.543   343.966   1.9782   0.530597   
470.543   343.966   1.9782   0.530597   
330.834   344.967   1.99306   0.58458   
330.834   344.967   1.99306   0.58458   
281.964   346.35   1.86983   0.124171   
560.992   346.05   2.18493   1.24759   
181.087   349.878   1.82074   -0.0677452   
374.01   351.08   1.81148   -0.104521   
397.238   351.115   1.89802   0.232127   
201.345   351.553   1.81769   -0.0798397   
448.005   352.17   1.94961   0.425551   
215.454   353.313   1.86113   0.0905294   
215.454   353.313   1.86113   0.0905294   
73.6624   354.1   1.92276   0.325529   
188.749   354.522   1.93702   0.378852   
505.882   354.052   1.84663   0.0341048   
277.109   354.661   1.64159   -0.814877   
51.7615   356.395   1.92207   0.322959   
492.12   356.29   1.7552   -0.332164   
166.508   357.751   1.7515   -0.347411   
166.508   357.751   1.7515   -0.347411   
63.9008   360.095   1.75281   -0.342012   
132.457   360.413   1.90505   0.258781   
382.148   359.523   1.98468   0.554171   
310.285   362.042   1.82374   -0.0558761   
95.0003   363.698   1.76497   -0.292127   
587.521   364.131   1.61297   -0.941774   
157.907   364.634   1.749   -0.357709   
179.809   364.791   1.83328   -0.0182305   
123.535   367.937   1.96057   0.466019   
123.535   367.937   1.96057   0.466019   
25.5888   369.459   1.7157   -0.496394   
271.254   369.178   1.83443   -0.013708   
473.55   369.025   1.96381   0.477906   
146.755   370.406   1.62126   -0.904794   
224.491   369.546   1.89088   0.204933   
224.491   369.546   1.89088   0.204933   
425.135   371.949   1.93992   0.389621   
153.247   372.777   1.81086   -0.106976   
268.792   375.162   1.81679   -0.0834186   
516.615   377.254   2.01775   0.673373   
435.108   378.235   1.82039   -0.0691338   
62.1584   378.749   1.91279   0.288024   
85.4843   379.157   1.79348   -0.176542   
389.792   381.06   1.74547   -0.372273   
262.645   381.97   1.87409   0.140604   
62.5108   384.087   1.836   -0.00751483   
62.5108   384.087   1.836   -0.00751483   
573.136   385.445   1.9345   0.369449   
573.136   385.445   1.9345   0.369449   
265.163   386.42   1.96033   0.465139   
323.181   386.275   1.64971   -0.779304   
393.27   386.07   1.63567   -0.840949   
83.3079   388.014   1.86332   0.0990322   
412.249   387.604   1.8861   0.186667   
372.526   390.401   1.83588   -0.00798458   
312.354   391.157   1.99987   0.609179   
324.044   390.878   1.80355   -0.136158   
366.494   390.763   1.84255   0.0181624   
573.053   391.755   1.83861   0.00271032   
573.053   391.755   1.83861   0.00271032   
347.143   392.654   2.00742   0.636358   
347.143   392.654   2.00742   0.636358   
168.854   394.949   1.86205   0.0941058   
269.43   394.734   1.78803   -0.198508   
198.538   396.461   1.93675   0.377819   
238.526   396.448   1.80546   -0.128524   
431.026   395.775   1.78094   -0.227153   
431.026   395.775   1.78094   -0.227153   
235.701   2.35451   2.23592   1.41398   
21.373   4.21384   2.32923   1.7089   
21.373   4.21384   2.32923   1.7089   
199.774   5.82707   1.96736   0.490937   
386.341   5.81021   2.07791   0.885291   
504.163   7.35028   2.17321   1.20877   
119.738   10.0069   2.1868   1.25376   
458.356   9.98246   2.30917   1.64651   
552.504   9.93036   2.10179   0.967725   
552.504   9.93036   2.10179   0.967725   
205.215   11.2356   2.30402   1.6304   
403.626   12.4105   2.3639   1.81549   
403.626   12.4105   2.3639   1.81549   
296.496   12.8686   1.93172   0.359065   
487.576   13.7453   2.17461   1.21342   
219.616   14.9461   2.01211   0.653171   
219.616   14.9461   2.01211   0.653171   
427.364   16.4736   2.49377   2.20129   
205.543   18.8953   2.08261   0.901587   
571.019   19.5066   2.12835   1.05831   
275.533   21.7622   2.14628   1.11885   
40.7645   24.0785   2.08394   0.906204   
281.352   24.5746   2.13092   1.06703   
64.0848   24.6511   2.12643   1.0518   
391.787   25.9153   2.08627   0.914271   
578.648   27.6971   2.01712   0.671121   
212.779   28.8499   2.05234   0.795978   
212.779   28.8499   2.05234   0.795978   
571.54   31.5977   1.93709   0.379094   
554.629   34.1555   2.01429   0.660985   
72.9851   35.2251   2.03148   0.722293   
566.051   36.1766   1.97982   0.536476   
458.722   37.7017   2.38506   1.87978   
41.9505   39.3944   2.0092   0.64274   
92.0942   39.5745   2.29144   1.59091   
336.427   41.1841   2.09928   0.959119   
131.442   41.8436   2.22229   1.36988   
323.982   41.7316   2.08186   0.899018   
450.271   43.1856   2.18182   1.23729   
450.271   43.1856   2.18182   1.23729   
523.34   44.3156   2.11813   1.02358   
277.279   45.5302   2.2033   1.30795   
277.279   45.5302   2.2033   1.30795   
386.022   44.7599   2.14905   1.12815   
386.022   44.7599   2.14905   1.12815   
153.559   48.9346   2.16091   1.16784   
449.474   49.1996   2.19813   1.29102   
434.519   49.7823   2.12304   1.04028   
218.556   50.5083   2.063   0.833374   
520.911   60.1942   2.07366   0.870521   
520.911   60.1942   2.07366   0.870521   
391.981   61.7817   1.95146   0.432397   
391.981   61.7817   1.95146   0.432397   
202.486   62.3326   1.88454   0.180696   
202.486   62.3326   1.88454   0.180696   
581.806   66.823   2.04021   0.753229   
222.522   67.8666   2.01087   0.648726   
421.114   71.2886   2.18084   1.23406   
427.493   75.8633   1.82582   -0.0476343   
516.562   75.9547   2.31568   1.66682   
77.4206   77.1323   2.20069   1.29942   
29.474   78.7015   2.04097   0.755919   
151.885   79.0011   1.97071   0.503234   
292.084   78.9796   2.04674   0.776278   
591.993   79.2404   1.99121   0.577871   
414.154   80.1372   2.04774   0.779821   
452.839   82.1557   2.10829   0.990007   
354.954   83.359   2.1501   1.13165   
193.939   85.9806   2.1097   0.994826   
593.154   89.0429   2.16877   1.19403   
120.043   90.4773   2.13205   1.07084   
231.103   90.2325   2.01315   0.65691   
231.103   90.2325   2.01315   0.65691   
316.532   89.9126   1.98612   0.55939   
420.184   89.7715   2.05268   0.797189   
508.827   89.92   2.05605   0.809034   
588.045   93.2218   2.06486   0.839872   
588.045   93.2218   2.06486   0.839872   
102.865   93.6786   2.23741   1.41878   
102.865   93.6786   2.23741   1.41878   
282.408   93.5505   2.14752   1.12298   
413.581   93.5933   1.87104   0.12883   
15.2331   97.9462   1.91346   0.290544   
15.2331   97.9462   1.91346   0.290544   
288.639   98.0358   2.26178   1.49695   
151.151   99.5382   2.19249   1.2725   
151.151   99.5382   2.19249   1.2725   
300.404   99.5659   2.13609   1.08452   
300.404   99.5659   2.13609   1.08452   
335.968   98.6231   2.11221   1.00342   
450.389   98.332   2.20411   1.31064   
450.389   98.332   2.20411   1.31064   
270.902   100.569   2.50498   2.23363   
588.204   99.4868   2.13406   1.07766   
6.47351   100.472   2.39112   1.89806   
165.682   102.74   2.0292   0.714181   
306.768   102.837   2.24398   1.43995   
415.078   103.835   2.07978   0.891808   
38.0539   104.9   2.03378   0.730465   
38.0539   104.9   2.03378   0.730465   
264.56   105.003   2.0735   0.869967   
589.842   105.927   2.14357   1.10972   
289.991   107.372   2.29024   1.58712   
289.991   107.372   2.29024   1.58712   
339.418   108.165   2.40507   1.94003   
339.418   108.165   2.40507   1.94003   
346.414   108.048   2.09606   0.948047   
164.888   108.881   1.99666   0.597598   
393.024   109.886   2.17702   1.22141   
535.859   113.062   1.95527   0.446488   
292.298   114.023   2.14876   1.12715   
297.754   113.795   2.02313   0.692581   
312.725   115.853   1.9733   0.512682   
561.279   116.501   2.00506   0.627882   
491.02   118.732   2.06061   0.824998   
185.617   120.143   2.02393   0.695454   
69.9909   120.984   2.22103   1.36578   
253.572   120.448   2.50796   2.24221   
289.934   123.303   2.2349   1.41069   
334.737   122.823   1.93239   0.361574   
421.758   124.45   2.16534   1.18261   
318.363   125.593   1.93759   0.380949   
546.374   126.793   2.10886   0.991961   
546.374   126.793   2.10886   0.991961   
151.976   127.853   2.09358   0.939516   
151.976   127.853   2.09358   0.939516   
142.963   129.212   2.23734   1.41855   
316.967   133.189   2.26266   1.49973   
386.5   132.749   2.09737   0.952556   
417.069   132.547   2.17306   1.20828   
417.069   132.547   2.17306   1.20828   
222.619   133.635   2.39446   1.90814   
326.993   135.769   2.12646   1.05189   
326.993   135.769   2.12646   1.05189   
379.41   136.594   1.95804   0.4567   
116.036   137.572   2.08505   0.910048   
240.281   139.664   2.12515   1.04747   
240.281   139.664   2.12515   1.04747   
388.315   139.825   2.16733   1.18925   
205.171   140.859   2.08066   0.894843   
205.171   140.859   2.08066   0.894843   
475.989   140.606   1.95436   0.443106   
571.759   141.341   2.25663   1.48049   
133.13   142.057   2.00699   0.634822   
34.5214   142.678   2.18211   1.23826   
111.489   143.267   2.08018   0.893173   
118.012   150.449   2.15072   1.13375   
118.012   150.449   2.15072   1.13375   
179.06   150.916   2.25124   1.46323   
508.579   151.29   2.00544   0.62923   
534.294   154.33   2.1447   1.11351   
534.294   154.33   2.1447   1.11351   
223.11   154.791   2.01018   0.646269   
438.465   154.511   1.98248   0.546171   
72.2065   156.653   1.95617   0.449809   
318.788   158.84   2.04465   0.76891   
12.0041   159.78   2.25055   1.46103   
12.0041   159.78   2.25055   1.46103   
477.145   162.089   2.20185   1.30323   
178.889   162.962   2.0299   0.716681   
416.536   165.01   1.91861   0.309962   
550.367   167.923   1.98566   0.557732   
175.947   168.944   2.25652   1.48012   
361.932   170.013   2.07581   0.87801   
194.992   170.877   2.0695   0.856044   
334.023   170.933   1.99414   0.588467   
518.981   170.898   1.97566   0.521315   
518.981   170.898   1.97566   0.521315   
81.9794   172.701   1.97446   0.516937   
535.477   173.593   2.19329   1.27513   
6.86775   174.205   1.96128   0.468606   
324.526   173.786   1.95574   0.448223   
205.679   178.468   2.48381   2.17242   
409.654   180.406   1.76027   -0.311387   
409.654   180.406   1.76027   -0.311387   
409.654   180.406   1.76027   -0.311387   
539.996   182.35   2.144   1.11116   
201.735   183.147   2.1955   1.2824   
309.842   183.413   1.85944   0.0839852   
399.759   182.806   2.17344   1.20956   
160.848   184.69   2.23573   1.41337   
367.484   184.791   1.85126   0.0521945   
142.91   188.122   2.15128   1.13562   
334.089   188.541   2.03593   0.738076   
417.81   187.475   2.34827   1.76763   
370.301   188.949   2.02771   0.70891   
231.381   191.222   2.24158   1.43223   
183.387   194.181   1.89096   0.205233   
534.964   194.24   2.20176   1.30292   
534.964   194.24   2.20176   1.30292   
584.28   194.489   2.1294   1.06186   
584.28   194.489   2.1294   1.06186   
275.411   197.485   1.92594   0.337462   
316.077   200.079   2.04682   0.776556   
470.099   202.251   2.25947   1.48958   
495.557   201.565   2.14109   1.10135   
517.708   201.804   2.255   1.47528   
517.708   201.804   2.255   1.47528   
542.912   204.37   2.23979   1.42644   
568.585   204.59   1.8094   -0.112815   
568.585   204.59   1.8094   -0.112815   
397.087   206.155   2.11226   1.00359   
514.25   206.079   2.20419   1.31087   
74.0411   207.774   2.08339   0.904309   
279.943   208.298   2.03231   0.725236   
430.797   208.348   2.11203   1.00278   
379.304   209.283   2.3108   1.65161   
533.164   208.649   2.10561   0.980821   
579.322   209.001   2.11197   1.00258   
90.2626   209.764   2.04459   0.768714   
264.919   210.761   2.02093   0.684727   
120.292   213.294   2.32195   1.68632   
171.102   212.723   2.14296   1.10765   
171.102   212.723   2.14296   1.10765   
352.558   214.216   2.2471   1.44997   
316.884   215.887   1.98481   0.554651   
316.884   215.887   1.98481   0.554651   
461.061   216.883   2.04257   0.761576   
475.332   217.873   2.25549   1.47685   
576.074   219.303   2.10833   0.990142   
399.325   220.502   2.38513   1.87999   
571.381   222.579   2.04755   0.779118   
51.1962   226.174   2.05238   0.796147   
591.002   226.22   2.2616   1.49636   
257.971   227.534   2.12824   1.05793   
328.237   228.665   2.06021   0.823586   
399.144   228.765   2.31716   1.67142   
399.144   228.765   2.31716   1.67142   
260.51   232.544   1.90538   0.260022   
260.51   232.544   1.90538   0.260022   
378.826   234.087   2.19945   1.29534   
434.967   234.313   2.17269   1.20704   
295.195   234.354   2.33   1.71128   
295.195   234.354   2.33   1.71128   
400.988   235.046   2.00447   0.625735   
400.988   235.046   2.00447   0.625735   
362.13   236.359   2.00124   0.614127   
71.9394   237.139   2.24766   1.45175   
244.906   240.306   2.20174   1.30285   
531.823   240.974   2.30213   1.62449   
537.704   241.027   1.95714   0.453362   
316.288   242.218   1.97727   0.527199   
481.279   242.515   2.06796   0.850686   
165.926   243.981   2.08596   0.913188   
6.77706   244.945   2.25249   1.46724   
52.3159   246.087   2.10042   0.963031   
547.047   247.173   2.10292   0.971623   
586.011   246.995   2.1696   1.19679   
76.1671   251.039   2.14744   1.12271   
515.195   250.886   1.93727   0.379757   
533.997   251.118   2.03667   0.740702   
533.997   251.118   2.03667   0.740702   
294.619   253.993   2.1214   1.03472   
447.167   253.612   2.23578   1.41355   
524.007   254.305   2.16435   1.17932   
306.126   256.423   1.9128   0.288061   
306.126   256.423   1.9128   0.288061   
197.812   256.829   1.88097   0.167017   
197.812   256.829   1.88097   0.167017   
414.649   256.789   1.94799   0.41956   
102.69   258.093   2.01648   0.668837   
529.858   257.991   2.03217   0.724756   
37.4457   259.76   1.98876   0.569   
37.4457   259.76   1.98876   0.569   
575.295   261.514   2.12574   1.04946   
165.799   262.324   2.20472   1.31263   
439.18   263.231   2.15916   1.162   
535.984   263.167   2.11692   1.01947   
335.404   265.585   2.18189   1.23754   
524.344   266.578   2.43957   2.04277   
365.602   266.943   2.2362   1.41488   
365.602   266.943   2.2362   1.41488   
295.968   267.975   2.19253   1.27262   
385.253   270.052   2.09308   0.937773   
439.055   270.005   2.13954   1.09615   
439.055   270.005   2.13954   1.09615   
338.88   270.734   2.20634   1.31791   
338.88   270.734   2.20634   1.31791   
448.094   270.699   2.16184   1.17095   
448.094   270.699   2.16184   1.17095   
99.4332   271.545   2.086   0.913323   
99.4332   271.545   2.086   0.913323   
370.125   271.913   2.25198   1.46561   
454.134   271.736   2.00045   0.61127   
510.181   272.34   2.16066   1.16698   
65.9688   275.235   2.00527   0.628636   
65.9688   275.235   2.00527   0.628636   
260.489   274.735   2.09369   0.939874   
260.489   274.735   2.09369   0.939874   
196.637   275.795   1.95524   0.446379   
253.824   275.637   2.24468   1.44218   
253.824   275.637   2.24468   1.44218   
415.234   276.888   2.07615   0.87921   
61.5319   278.751   1.99635   0.596466   
587.744   280.311   1.94975   0.426078   
587.744   280.311   1.94975   0.426078   
593.938   280.959   2.20452   1.31197   
557.842   281.807   2.26379   1.50333   
557.842   281.807   2.26379   1.50333   
121.569   284.346   2.0834   0.904339   
573.96   284.228   1.98273   0.547088   
573.96   284.228   1.98273   0.547088   
573.96   284.228   1.98273   0.547088   
104.856   286.196   2.04292   0.762799   
104.856   286.196   2.04292   0.762799   
231.212   286.349   2.16385   1.17764   
585.779   285.992   2.15756   1.15665   
428.074   287.775   2.06548   0.842031   
462.344   288.814   2.08025   0.893414   
476.213   291.353   2.16957   1.19669   
50.0703   292.118   2.11956   1.02847   
268.526   291.685   2.28044   1.55619   
397.47   292.775   2.29263   1.59466   
397.47   292.775   2.29263   1.59466   
386.599   293.761   2.1861   1.25145   
386.599   293.761   2.1861   1.25145   
486.892   293.596   2.16882   1.19421   
292.946   294.676   1.99129   0.578142   
533.022   294.812   2.06632   0.844967   
568.008   294.701   2.08489   0.909506   
568.008   294.701   2.08489   0.909506   
568.008   294.701   2.08489   0.909506   
297.879   297.683   1.80888   -0.114872   
327.963   298.87   2.18593   1.25087   
219.951   299.819   2.00206   0.617078   
198.751   303.027   2.25967   1.4902   
262.822   304.878   2.29746   1.60983   
502.584   305.46   2.47609   2.14996   
42.2831   306.115   2.2271   1.38546   
42.2831   306.115   2.2271   1.38546   
81.9454   305.552   2.2229   1.37187   
444.429   306.335   1.93585   0.374472   
444.429   306.335   1.93585   0.374472   
555.899   306.205   2.13795   1.09078   
555.899   306.205   2.13795   1.09078   
159.19   306.565   2.22975   1.39405   
159.19   306.565   2.22975   1.39405   
193.963   306.439   1.73391   -0.420197   
151.45   307.778   1.9039   0.254438   
411.239   308.224   2.07936   0.890332   
526.145   307.697   2.07066   0.860102   
509.804   308.922   2.0081   0.638807   
213.774   310.343   2.07505   0.875377   
419.479   312.427   2.01596   0.666981   
456.386   313.108   2.0573   0.81341   
273.04   314.659   2.14588   1.11748   
163.139   318.36   2.2351   1.41135   
110.13   318.868   2.21101   1.33317   
298.617   318.995   2.14169   1.10337   
273.569   321.281   1.83678   -0.00445744   
261.688   324.081   2.21457   1.34477   
374.982   324.059   2.07319   0.868893   
17.914   325.042   2.0168   0.669984   
568.917   325.369   2.12786   1.05664   
231.018   327.824   1.99854   0.604363   
295.393   328.222   2.04781   0.780064   
295.393   328.222   2.04781   0.780064   
580.326   328.092   1.98187   0.54396   
584.683   328.843   2.23837   1.42189   
160.198   330.637   2.34495   1.75742   
160.198   330.637   2.34495   1.75742   
267.446   333.527   2.19856   1.29243   
140.479   334.946   2.23699   1.41743   
273.868   334.722   1.95808   0.456843   
273.868   334.722   1.95808   0.456843   
51.9337   335.868   2.13655   1.08607   
333.865   337.363   2.18752   1.25611   
205.288   337.801   2.16619   1.18545   
205.288   337.801   2.16619   1.18545   
531.817   337.847   2.12214   1.03724   
27.2112   339.356   2.20502   1.31359   
171.081   339.204   2.15417   1.14529   
296.925   341.139   2.17555   1.21653   
43.3355   342.622   1.8188   -0.0754133   
276.012   342.975   1.99135   0.578382   
276.012   342.975   1.99135   0.578382   
208.11   343.527   2.07965   0.891332   
208.11   343.527   2.07965   0.891332   
208.11   343.527   2.07965   0.891332   
387.782   344.929   2.02088   0.684571   
325.563   346.411   2.21602   1.34949   
80.9143   347.168   2.26747   1.51505   
181.938   346.849   2.0039   0.623679   
181.938   346.849   2.0039   0.623679   
526.739   348.676   2.39805   1.91895   
567.506   349.963   1.86367   0.100371   
279.015   350.656   2.15671   1.15381   
118.791   352.271   1.8962   0.225179   
118.791   352.271   1.8962   0.225179   
300.64   351.677   2.02918   0.714127   
300.64   351.677   2.02918   0.714127   
290.649   357.418   2.00805   0.638607   
303.812   357.211   2.3866   1.88442   
73.3689   360.11   2.02288   0.691702   
73.3689   360.11   2.02288   0.691702   
142.729   359.933   2.14335   1.10899   
209.811   360.592   2.32842   1.7064   
388.726   361.87   2.05016   0.788307   
368.673   362.927   2.21946   1.3607   
450.739   363.299   2.02175   0.687667   
15.9926   365.953   2.01957   0.679887   
373.174   367.016   2.06231   0.830939   
85.3464   368.872   2.13107   1.06752   
52.3524   371.006   2.13789   1.09058   
52.3524   371.006   2.13789   1.09058   
36.1786   371.962   1.94372   0.403744   
240.775   373.904   2.22518   1.37926   
446.479   375.36   2.30705   1.63989   
254.826   376.93   2.03491   0.734472   
502.222   378.432   2.02097   0.684875   
373.665   381.491   2.18932   1.26205   
512.676   381.822   1.92866   0.347621   
104.811   382.992   1.97312   0.512024   
243.853   384.151   2.16784   1.19093   
566.391   384.666   2.13544   1.08232   
335.501   386.281   2.22568   1.38089   
436.916   385.421   2.17039   1.19942   
436.916   385.421   2.17039   1.19942   
504.258   390.859   2.06034   0.82404   
504.258   390.859   2.06034   0.82404   
292.095   391.676   2.07589   0.878302   
452   391.977   1.99288   0.583923   
193.286   4.3114   2.25198   1.46561   
225.527   5.19447   2.61744   2.55043   
367.059   4.50091   2.51852   2.27253   
97.3938   9.46601   2.05998   0.822801   
97.3938   9.46601   2.05998   0.822801   
347.825   9.12881   2.3492   1.77049   
347.825   9.12881   2.3492   1.77049   
435.225   9.45185   2.68448   2.73286   
213.455   11.3237   2.29029   1.58729   
285.045   10.5805   2.53167   2.31008   
218.894   21.7635   2.45247   2.08083   
43.9067   29.049   2.47894   2.15825   
199.493   31.1831   2.39311   1.90408   
519.329   32.2829   2.62676   2.57605   
547.533   32.2864   2.28644   1.57514   
32.7618   34.474   2.49336   2.20011   
261.015   33.4874   2.48227   2.16795   
261.015   33.4874   2.48227   2.16795   
281.559   33.5421   2.30079   1.6203   
281.559   33.5421   2.30079   1.6203   
204.506   35.64   2.39983   1.92431   
342.919   35.7289   2.35668   1.79343   
12.8145   37.5501   2.24379   1.43934   
25.8597   37.0501   2.70581   2.78994   
304.659   40.5765   2.44121   2.04763   
304.659   40.5765   2.44121   2.04763   
204.573   43.1525   2.61694   2.54905   
544.668   44.5115   2.33845   1.7374   
11.2093   45.2312   2.57623   2.43596   
105.699   45.1319   2.33408   1.7239   
125.017   44.8654   2.34788   1.76644   
125.017   44.8654   2.34788   1.76644   
349.461   45.1956   2.46255   2.11041   
302.402   47.689   2.22154   1.36745   
302.402   47.689   2.22154   1.36745   
320.046   47.6649   2.55399   2.3734   
320.046   47.6649   2.55399   2.3734   
380.321   50.0093   2.5958   2.49055   
563.727   49.4069   2.55821   2.38531   
7.24616   51.7848   2.35594   1.79116   
279.168   54.132   2.41427   1.96757   
279.168   54.132   2.41427   1.96757   
399.768   56.4055   2.53942   2.33215   
387.003   57.5338   2.34849   1.7683   
226.837   58.9315   2.53623   2.32308   
423.473   59.9182   2.43859   2.03989   
433.481   61.2317   2.27766   1.54741   
469.451   62.7575   2.24456   1.44181   
469.451   62.7575   2.24456   1.44181   
427.379   65.3195   2.40791   1.94854   
427.379   65.3195   2.40791   1.94854   
5.41411   67.3906   2.22641   1.38324   
42.1958   68.9742   2.50135   2.22317   
49.1778   68.8798   2.4844   2.17413   
392.146   71.0341   2.44979   2.07292   
392.146   71.0341   2.44979   2.07292   
32.598   72.2995   2.38867   1.89066   
233.7   73.5025   2.60051   2.50361   
233.7   73.5025   2.60051   2.50361   
221.571   74.0807   2.34814   1.76722   
493.728   75.1476   2.45189   2.07911   
175.874   77.231   2.49666   2.20964   
221.489   80.1072   2.48145   2.16555   
429.92   83.0834   2.53479   2.31898   
244.501   83.7185   2.44127   2.0478   
402.843   83.4861   2.35001   1.77298   
168.536   85.3462   2.60335   2.51148   
226.547   85.01   2.47458   2.14556   
102   87.0453   2.30101   1.62097   
214.052   87.0917   2.29823   1.61227   
214.052   87.0917   2.29823   1.61227   
158.917   87.6185   2.39025   1.89546   
158.917   87.6185   2.39025   1.89546   
205.773   88.3323   2.58027   2.44724   
238.475   93.2277   2.64274   2.61981   
238.475   93.2277   2.64274   2.61981   
226.455   95.7551   2.21771   1.35498   
342.426   100.039   2.34567   1.75964   
295.238   102.446   2.25351   1.47049   
295.238   102.446   2.25351   1.47049   
440.446   103.081   2.27627   1.543   
12.1171   104.651   2.59765   2.49566   
12.1171   104.651   2.59765   2.49566   
312.145   105.653   2.51741   2.26933   
312.145   105.653   2.51741   2.26933   
50.0199   114.291   2.57699   2.43807   
50.0199   114.291   2.57699   2.43807   
12.8084   115.383   2.54443   2.34636   
64.9331   115.41   2.33932   1.74008   
553.856   119.196   2.33645   1.73123   
323.176   121.872   2.45332   2.08332   
588.841   121.517   2.27024   1.52386   
146.912   123.827   2.40856   1.95051   
165.389   124.4   2.54164   2.33842   
557.622   124.92   2.31244   1.65673   
257.477   126.102   2.51338   2.25777   
514.037   126.227   2.45845   2.09838   
408.895   126.859   2.34017   1.74271   
589.391   128.167   2.49057   2.19201   
110.116   130.41   2.36036   1.80468   
305.461   129.468   2.34372   1.75363   
270.44   130.743   2.55622   2.3797   
270.44   130.743   2.55622   2.3797   
440.163   131.812   2.49318   2.19959   
249.91   132.696   2.61861   2.55365   
373.764   133.485   2.52609   2.29417   
373.764   133.485   2.52609   2.29417   
517.139   132.591   2.35044   1.77431   
575.8   133.356   2.60519   2.51659   
575.8   133.356   2.60519   2.51659   
48.5178   137.16   2.49485   2.2044   
153.317   138.257   2.38545   1.88095   
305.959   138.197   2.61633   2.54735   
165.236   138.621   2.40734   1.94684   
211.253   140.069   2.32825   1.70588   
453.515   145.363   2.43269   2.02241   
174.931   145.908   2.47079   2.13452   
174.931   145.908   2.47079   2.13452   
361.162   146.136   2.55446   2.37473   
361.162   146.136   2.55446   2.37473   
405.694   146.69   2.3251   1.69609   
473.473   149.29   2.54589   2.35049   
87.4655   149.843   2.5752   2.43305   
189.984   150.352   2.43601   2.03224   
340.61   149.782   2.26115   1.49492   
17.1588   150.536   2.48274   2.16929   
17.1588   150.536   2.48274   2.16929   
278.345   150.5   2.31153   1.65389   
278.345   150.5   2.31153   1.65389   
361.297   153.887   2.52682   2.29624   
3.90876   154.666   2.51167   2.25288   
3.90876   154.666   2.51167   2.25288   
282.755   154.894   2.4063   1.94373   
282.755   154.894   2.4063   1.94373   
571.938   155.945   2.43726   2.03595   
571.938   155.945   2.43726   2.03595   
590.417   156.346   2.3692   1.83164   
147.676   157.456   2.29005   1.58653   
147.676   157.456   2.29005   1.58653   
188.504   160.056   2.52837   2.30066   
493.066   159.895   2.48773   2.18378   
195.483   164.33   2.54847   2.35781   
558.25   167.489   2.67788   2.7151   
136.197   167.545   2.45666   2.09314   
32.0847   169.988   2.41685   1.97529   
59.2095   170.423   2.37112   1.83749   
214.142   171.407   2.44039   2.0452   
374.919   170.928   2.60167   2.50683   
447.222   172.585   2.61253   2.53687   
132.929   176.705   2.57467   2.43158   
140.139   176.829   2.30296   1.6271   
140.139   176.829   2.30296   1.6271   
395.882   177.097   2.48385   2.17252   
395.882   177.097   2.48385   2.17252   
147.105   178.075   2.3554   1.78951   
293.015   178.559   2.41038   1.95594   
321.142   178.759   2.33446   1.72509   
420.754   178.954   2.31883   1.67662   
447.804   179.447   2.6011   2.50524   
72.924   180.814   2.43489   2.02893   
358.829   181.398   2.37225   1.84091   
377.018   183.332   2.45306   2.08254   
138.617   183.491   2.11612   1.01675   
171.474   184.062   2.40734   1.94683   
185.909   184.089   2.38061   1.86631   
185.909   184.089   2.38061   1.86631   
472.286   184.504   2.40068   1.92685   
320.385   188.117   2.50347   2.22929   
449.246   190.824   2.28971   1.58546   
271.773   192.18   2.37001   1.83412   
97.1623   193.016   2.25467   1.47424   
205.569   196.465   2.80245   3.04309   
42.6752   197.86   2.52096   2.27951   
436.938   199.019   2.39007   1.8949   
590.315   199.324   2.42825   2.00923   
180.361   199.454   2.32184   1.68598   
132.173   201.059   2.43482   2.0287   
172.631   200.992   2.27381   1.53521   
581.212   201.012   2.41667   1.97474   
360.011   201.817   2.32152   1.685   
185.766   203.921   2.51248   2.25521   
185.766   203.921   2.51248   2.25521   
230.407   203.789   2.57816   2.44134   
7.30939   211.421   2.5709   2.421   
401.454   210.908   2.53805   2.32825   
491.028   210.947   2.56007   2.39055   
96.0217   211.892   2.38179   1.86988   
309.772   211.695   2.388   1.88864   
373.338   213.419   2.41964   1.9836   
366.381   215.316   2.65914   2.66443   
366.381   215.316   2.65914   2.66443   
184.283   216.687   2.45927   2.10078   
327.138   220.399   2.69118   2.75085   
267.618   221.333   2.35502   1.78835   
267.618   221.333   2.35502   1.78835   
44.7667   222.381   2.36947   1.83247   
113.808   221.708   2.4153   1.97064   
408.687   227.815   2.31008   1.64937   
380.763   228.634   2.68076   2.72284   
380.763   228.634   2.68076   2.72284   
68.7506   230.464   2.16042   1.1662   
389.646   229.985   2.57558   2.43412   
582.288   230.281   2.43627   2.033   
196.511   231.303   2.5545   2.37485   
302.202   230.766   2.30967   1.64806   
302.202   230.766   2.30967   1.64806   
269.47   232.221   2.45297   2.08228   
42.8528   233.344   2.40498   1.93976   
42.8528   233.344   2.40498   1.93976   
26.4991   234.46   2.38889   1.89134   
156.285   233.659   2.15925   1.16229   
355.452   235.917   2.0963   0.94886   
355.452   235.917   2.0963   0.94886   
321.31   238.125   2.26612   1.51075   
321.31   238.125   2.26612   1.51075   
47.8199   238.753   2.17449   1.21303   
397.851   240.375   2.2958   1.60461   
103.084   242.02   2.35936   1.80161   
342.094   243.109   2.35571   1.79045   
115.022   244.664   2.52148   2.28098   
519.001   245.569   2.43116   2.01787   
447.788   246.648   2.5931   2.48304   
189.278   247.73   2.34282   1.75086   
189.278   247.73   2.34282   1.75086   
180.583   249.59   2.45301   2.0824   
180.583   249.59   2.45301   2.0824   
376.955   250.417   2.47955   2.16003   
376.955   250.417   2.47955   2.16003   
351.495   252.013   2.37977   1.86375   
351.495   252.013   2.37977   1.86375   
312.108   252.666   2.36163   1.80855   
312.108   252.666   2.36163   1.80855   
260.245   256.062   2.46365   2.11362   
541.941   259.263   2.39489   1.90944   
541.941   259.263   2.39489   1.90944   
541.941   259.263   2.39489   1.90944   
374.145   260.049   2.41457   1.96848   
522.499   260.293   2.31992   1.68003   
417.892   262.536   2.59486   2.48792   
509.239   266.327   2.33997   1.74209   
287.279   267.201   2.38603   1.88272   
339.571   277.109   2.31716   1.67144   
401.067   277.813   2.54319   2.34285   
401.067   277.813   2.54319   2.34285   
297.025   278.855   2.52957   2.30411   
265.497   279.986   2.44786   2.06725   
345.126   283.008   2.30299   1.62717   
271.775   283.935   2.42591   2.00226   
480.419   284.187   2.35472   1.78741   
433.69   284.783   2.31878   1.67647   
200.779   285.812   2.54953   2.36079   
528.001   287.556   2.63522   2.59926   
276.31   289.195   2.5364   2.32356   
283.689   288.74   2.34883   1.76935   
346.494   289.481   2.58004   2.4466   
313.787   290.254   2.32166   1.68543   
246.818   295.941   2.4176   1.97753   
224.39   297.122   2.52014   2.27716   
224.39   297.122   2.52014   2.27716   
272.367   297.884   2.41784   1.97824   
557.862   299.39   2.56051   2.3918   
92.1338   299.62   2.68547   2.73551   
448.736   299.927   2.50089   2.22186   
448.736   299.927   2.50089   2.22186   
484.344   303.711   2.13848   1.09257   
229.264   305.318   2.5911   2.47746   
369.658   310.173   2.4461   2.06205   
566.51   309.723   2.26656   1.51217   
566.51   309.723   2.26656   1.51217   
425.76   311.807   2.4909   2.19297   
234.009   314.179   2.41225   1.96154   
361.308   314.735   2.61015   2.5303   
208.292   316.168   2.47891   2.15816   
561.624   317.649   2.44311   2.05322   
467.437   318.53   2.77704   2.97738   
10.9827   320.659   2.41926   1.98245   
305.83   321.54   2.50336   2.22897   
170.746   323.487   2.38115   1.86793   
219.572   322.472   2.6633   2.67573   
159.644   324.236   2.44981   2.073   
201.619   325.728   2.43203   2.02045   
476.146   326.13   2.47484   2.14631   
381.071   326.763   2.36486   1.8184   
279.654   328.025   2.32466   1.69474   
279.654   328.025   2.32466   1.69474   
521.811   328   2.51459   2.26127   
419.41   329.673   2.51679   2.26756   
392.712   330.975   2.47237   2.13912   
26.9058   332.181   2.32689   1.70165   
348.546   332.026   2.53803   2.32819   
451.35   331.747   2.18818   1.25829   
564.146   333.365   2.83753   3.13282   
564.146   333.365   2.83753   3.13282   
581.628   334.153   2.35179   1.77842   
428.68   338.223   2.39838   1.91995   
52.7687   342.475   2.38652   1.8842   
52.7687   342.475   2.38652   1.8842   
579.529   343.689   2.35213   1.77947   
219.231   345.316   2.37026   1.83488   
317.883   345.593   2.46825   2.12708   
317.883   345.593   2.46825   2.12708   
317.883   345.593   2.46825   2.12708   
98.7043   351.236   2.37085   1.83666   
293.729   351.969   2.37178   1.83948   
293.729   351.969   2.37178   1.83948   
350.559   352.799   2.08101   0.896049   
203.924   355.943   2.33118   1.71494   
297.894   360.624   2.27622   1.54285   
11.0942   362.055   2.43985   2.04359   
76.4413   364.776   2.40001   1.92486   
382.906   365.585   2.38049   1.86594   
531.393   366.06   2.54481   2.34743   
339.006   368.824   2.53326   2.31461   
364.587   369.398   2.2712   1.5269   
550.299   369.862   2.34779   1.76615   
212.056   373.861   2.43164   2.01928   
304.988   373.646   2.37799   1.85836   
129.42   377.032   2.27771   1.54757   
237.986   380.041   2.3549   1.78797   
363.425   382.372   2.35767   1.79644   
356.743   384.549   2.2693   1.52087   
356.743   384.549   2.2693   1.52087   
402.314   386.13   2.55795   2.38459   
476.957   385.531   2.50706   2.23964   
468.201   388.151   2.37184   1.83968   
432.224   389.575   2.62348   2.56705   
356.548   391.348   2.40821   1.94943   
67.3306   394.549   2.40082   1.92728   
37.7478   7.77343   2.67624   2.71067   
230.479   11.2344   3.08147   3.72773   
230.479   11.2344   3.08147   3.72773   
395.075   11.1706   2.74024   2.88114   
317.542   12.9716   3.00575   3.54826   
403.358   12.8279   2.58874   2.4709   
6.83062   13.8943   2.68494   2.7341   
41.1832   16.566   3.06398   3.68668   
41.1832   16.566   3.06398   3.68668   
377.387   16.9857   2.9204   3.34048   
377.387   16.9857   2.9204   3.34048   
561.003   18.8732   2.70929   2.79921   
561.003   18.8732   2.70929   2.79921   
268.33   21.683   2.65223   2.64566   
340.031   22.5328   2.61107   2.53286   
401.32   23.2201   2.86009   3.18994   
401.32   23.2201   2.86009   3.18994   
401.32   23.2201   2.86009   3.18994   
316.989   23.5878   2.8053   3.05042   
499.986   26.1088   2.61027   2.53064   
499.986   26.1088   2.61027   2.53064   
27.5304   28.4012   2.79547   3.0251   
59.0131   27.879   2.92136   3.34284   
382.075   28.0387   2.65515   2.6536   
149.084   32.5304   2.62608   2.57419   
408.534   34.4948   2.85779   3.18415   
427.076   35.643   2.76661   2.95023   
458.716   37.0993   2.66985   2.69343   
313.552   42.5021   2.55399   2.3734   
313.552   42.5021   2.55399   2.3734   
313.552   42.5021   2.55399   2.3734   
291.323   42.8496   2.76935   2.95737   
291.323   42.8496   2.76935   2.95737   
479.74   45.771   2.90275   3.29674   
362.23   46.9075   2.90727   3.30796   
362.23   46.9075   2.90727   3.30796   
88.9653   47.8879   2.67764   2.71444   
88.9653   47.8879   2.67764   2.71444   
194.802   48.1544   2.87024   3.21551   
47.6484   51.99   2.99546   3.52353   
47.6484   51.99   2.99546   3.52353   
38.7018   52.9556   2.92152   3.34324   
38.7018   52.9556   2.92152   3.34324   
373.711   54.0281   3.11324   3.80173   
344.908   57.0656   2.80485   3.04925   
427.795   58.1312   2.90294   3.29721   
476.023   58.96   2.67036   2.69482   
235.025   60.8675   2.86375   3.19918   
482.995   62.1025   2.75339   2.91568   
482.995   62.1025   2.75339   2.91568   
92.1758   64.2035   2.94803   3.40839   
451.884   66.4402   2.65484   2.65275   
451.884   66.4402   2.65484   2.65275   
474.425   66.7153   2.76018   2.93345   
59.8147   69.0417   2.83674   3.13081   
59.8147   69.0417   2.83674   3.13081   
544.499   68.8816   2.66861   2.69008   
277.253   70.0425   2.74843   2.90267   
277.253   70.0425   2.74843   2.90267   
333.034   69.7409   2.75309   2.9149   
333.034   69.7409   2.75309   2.9149   
404.479   70.4379   2.88361   3.24902   
205.124   72.1127   2.82106   3.09082   
434.236   73.8751   2.95442   3.424   
18.1859   75.1436   2.90821   3.31031   
18.1859   75.1436   2.90821   3.31031   
243.235   75.8942   2.90394   3.2997   
243.235   75.8942   2.90394   3.2997   
583.888   77.661   2.65605   2.65604   
129.916   79.0985   2.71263   2.8081   
129.916   79.0985   2.71263   2.8081   
373.251   80.2702   2.7291   2.85178   
373.251   80.2702   2.7291   2.85178   
274.68   80.9479   2.72297   2.83554   
13.6713   82.1658   2.97352   3.47049   
200.342   82.1816   2.6577   2.66052   
200.342   82.1816   2.6577   2.66052   
290.524   85.5164   2.89393   3.2748   
449.817   89.5841   2.97611   3.47679   
432.496   91.1085   2.93472   3.37575   
18.2288   91.6287   2.85105   3.16712   
18.2288   91.6287   2.85105   3.16712   
18.2288   91.6287   2.85105   3.16712   
273.589   92.203   2.89225   3.27061   
385.364   91.8513   2.65909   2.66429   
247.73   92.9789   2.71163   2.80544   
49.6619   93.6588   2.76529   2.94678   
572.41   97.2012   2.76994   2.95892   
24.275   97.6942   2.88216   3.2454   
140.301   100.407   2.74805   2.90169   
433.501   99.9996   2.93404   3.37408   
578.022   102.795   2.59307   2.48295   
568.482   104.501   2.93901   3.38629   
198.049   109.405   3.11206   3.79899   
198.049   109.405   3.11206   3.79899   
380.743   114.83   2.62706   2.57689   
380.743   114.83   2.62706   2.57689   
23.9586   117.038   2.84607   3.15451   
23.9586   117.038   2.84607   3.15451   
303.275   116.902   2.74489   2.89339   
303.275   116.902   2.74489   2.89339   
542.244   117.555   2.87831   3.23574   
351.659   121.733   2.59808   2.49687   
26.4199   124.936   2.6322   2.59098   
26.4199   124.936   2.6322   2.59098   
457.031   125.966   2.91528   3.32781   
457.031   125.966   2.91528   3.32781   
348.169   129.164   2.74614   2.89666   
489.251   129.776   2.82099   3.09064   
425.891   130.869   2.68902   2.74504   
164.556   133.081   2.63629   2.60217   
164.556   133.081   2.63629   2.60217   
223.254   133.319   2.62812   2.57981   
333.868   133.133   2.69055   2.74916   
333.868   133.133   2.69055   2.74916   
33.8461   135.126   2.91493   3.32694   
33.8461   135.126   2.91493   3.32694   
277.577   134.619   2.89285   3.27209   
432.272   134.903   2.69782   2.76861   
468.481   135.732   2.90295   3.29723   
512.141   139.957   2.71937   2.826   
233.266   142.083   2.85705   3.18227   
233.266   142.083   2.85705   3.18227   
425.506   143.483   3.25576   4.12462   
562.936   146.539   2.85893   3.18701   
562.936   146.539   2.85893   3.18701   
251.427   149.274   2.99238   3.51611   
333.07   152.039   2.80434   3.04795   
348.234   156.13   2.84049   3.14034   
18.9251   157.828   2.97441   3.47266   
18.9251   157.828   2.97441   3.47266   
560.945   160.302   2.57791   2.44064   
397.563   161.492   2.5681   2.41314   
210.937   164.009   2.70711   2.7934   
385.469   164.8   2.73687   2.87228   
273.106   167.083   2.58322   2.4555   
472.227   166.781   2.68231   2.72701   
472.227   166.781   2.68231   2.72701   
395.158   168.599   2.56239   2.39709   
464.169   168.959   2.90574   3.30416   
581.021   168.912   2.70069   2.77628   
505.593   170.431   3.08561   3.73742   
590.256   172.147   2.99603   3.5249   
70.0653   173.787   2.84452   3.15057   
70.0653   173.787   2.84452   3.15057   
94.9344   176.754   2.87588   3.22965   
204.903   177.532   3.22175   4.04886   
275.816   179.106   2.66959   2.69273   
530.725   185.402   2.9147   3.32637   
583.343   187.487   2.65171   2.64426   
288.624   189.215   2.63044   2.58615   
310.121   189.826   2.69001   2.7477   
48.0243   192.012   2.63177   2.5898   
48.0243   192.012   2.63177   2.5898   
545.019   191.592   2.73295   2.86195   
331.798   194.191   2.57907   2.44391   
298.149   194.752   2.7453   2.89447   
29.779   198.23   2.94316   3.39647   
11.7054   200.41   3.02938   3.60474   
195.009   203.299   2.76644   2.9498   
195.009   203.299   2.76644   2.9498   
362.515   207.993   2.70501   2.7878   
410.874   207.915   2.67515   2.70774   
590.714   208.154   2.85822   3.18523   
225.147   212.36   2.84772   3.15867   
225.147   212.36   2.84772   3.15867   
225.147   212.36   2.84772   3.15867   
414.371   214.3   2.80423   3.04766   
414.371   214.3   2.80423   3.04766   
436.306   215.528   2.66913   2.69147   
143.525   215.951   2.91625   3.33022   
399.203   220.157   2.52258   2.28415   
469.412   224.307   3.13478   3.85146   
469.412   224.307   3.13478   3.85146   
350.017   227.091   2.99022   3.5109   
19.1848   229.482   2.36815   1.82846   
19.1848   229.482   2.36815   1.82846   
116.839   228.594   2.82402   3.0984   
452.137   229.868   2.76803   2.95395   
524.647   232.565   2.6522   2.64558   
524.647   232.565   2.6522   2.64558   
524.647   232.565   2.6522   2.64558   
277.027   233.699   2.8927   3.27172   
329.012   236.516   3.09673   3.76337   
263.206   237.178   2.88269   3.24672   
422.878   240.662   2.60338   2.51157   
289.308   241.47   2.82182   3.09276   
218.703   244.198   2.73587   2.86964   
218.703   244.198   2.73587   2.86964   
218.703   244.198   2.73587   2.86964   
303.816   246.208   2.80175   3.04129   
369.639   246.503   2.79454   3.0227   
153.283   249.535   2.76239   2.93923   
115.109   252.213   3.05304   3.66088   
246.916   252.917   2.83245   3.11988   
549.763   252.748   3.01277   3.5651   
66.6523   253.648   2.70374   2.78442   
78.5275   257.085   2.96823   3.45765   
78.5275   257.085   2.96823   3.45765   
278.552   258.496   2.82967   3.11282   
252.588   259.169   2.61595   2.54633   
252.588   259.169   2.61595   2.54633   
512.575   258.418   2.76436   2.94436   
313.519   262.141   2.79605   3.02659   
313.519   262.141   2.79605   3.02659   
358.46   264.243   2.79829   3.03238   
549.415   264.938   2.65649   2.65724   
549.415   264.938   2.65649   2.65724   
28.0784   265.724   2.9696   3.46098   
569.542   265.591   2.62371   2.5677   
569.542   265.591   2.62371   2.5677   
374.551   266.806   2.69251   2.75439   
196.425   268.917   2.9512   3.41614   
196.425   268.917   2.9512   3.41614   
429.309   269.402   2.99317   3.51801   
554.116   272.283   2.66386   2.67725   
110.6   272.635   2.74277   2.88781   
300.575   273.067   2.62454   2.56997   
300.575   273.067   2.62454   2.56997   
569.255   273.552   3.1004   3.77191   
569.255   273.552   3.1004   3.77191   
310.554   274.356   2.58921   2.47219   
591.001   273.944   2.70005   2.77457   
90.9417   276.843   2.64134   2.616   
213.632   278.446   2.56062   2.39212   
213.632   278.446   2.56062   2.39212   
289.203   279.177   2.75274   2.91399   
314.287   281.419   2.82366   3.09746   
540.845   282.951   2.86315   3.19765   
259.951   285.682   2.96014   3.43797   
127.774   288.021   2.99033   3.51115   
280.775   294.944   2.6895   2.74634   
572.493   299.584   2.64634   2.62964   
512.098   302.366   2.80747   3.05599   
512.098   302.366   2.80747   3.05599   
491.674   304.101   2.78567   2.99975   
269.389   304.86   2.89939   3.28839   
159.653   306.284   2.53267   2.31293   
159.653   306.284   2.53267   2.31293   
93.8195   306.68   2.61841   2.5531   
33.8037   310.448   2.60551   2.51746   
187.728   310.338   2.71373   2.81101   
291.186   311.137   2.78029   2.98581   
579.375   312.731   2.58045   2.44775   
142.731   313.716   2.66656   2.68453   
446.828   314.08   2.78403   2.9955   
43.8751   317.853   2.92274   3.34625   
590.159   320.92   2.60049   2.50356   
52.9677   324.289   2.63274   2.59246   
354.333   325.737   2.75923   2.93096   
7.43008   328.58   3.01046   3.55955   
224.798   329.249   2.62023   2.5581   
316.181   331.263   2.90569   3.30404   
94.6599   332.03   2.66855   2.68991   
511.031   331.906   2.719   2.82502   
300.426   334.474   2.63179   2.58987   
329.938   334.142   2.94222   3.39418   
405.777   334.334   2.8335   3.12257   
280.936   335.114   2.64094   2.61489   
485.353   337.005   2.79284   3.01831   
289.728   338.589   2.72302   2.83567   
289.728   338.589   2.72302   2.83567   
475.834   338.483   2.94929   3.41149   
475.834   338.483   2.94929   3.41149   
226.151   344.648   2.66308   2.67512   
226.151   344.648   2.66308   2.67512   
549.274   345.179   2.72484   2.84049   
267.958   346.789   2.69277   2.7551   
575.891   349.499   2.84991   3.16423   
56.841   351.25   2.926   3.35429   
398.429   352.845   2.8898   3.2645   
423.984   352.536   2.90886   3.31192   
300.811   353.263   2.65461   2.65214   
300.811   353.263   2.65461   2.65214   
99.7191   358.303   2.62668   2.57586   
518.863   359.183   2.96958   3.46095   
362.436   362.881   2.74715   2.89932   
362.436   362.881   2.74715   2.89932   
281.897   364.007   2.95918   3.43563   
55.6971   364.601   2.72489   2.84062   
187.498   365.144   2.84369   3.14846   
472.235   367.774   2.68861   2.74393   
567.793   370.32   2.8391   3.13681   
136.142   373.371   2.69468   2.76021   
522.682   373.567   2.65784   2.6609   
522.682   373.567   2.65784   2.6609   
248.11   377.985   2.93861   3.3853   
248.11   377.985   2.93861   3.3853   
286.022   377.691   2.76449   2.94471   
201.196   378.837   2.96473   3.44914   
400.521   378.677   2.84763   3.15844   
84.2331   379.62   2.65904   2.66418   
487.415   380.418   2.48143   2.16551   
328.809   381.748   2.63784   2.60643   
349.449   384.575   2.73213   2.85976   
349.449   384.575   2.73213   2.85976   
349.449   384.575   2.73213   2.85976   
202.579   386.205   2.67236   2.70021   
235.192   387.675   2.75984   2.93257   
279.035   389.038   2.63133   2.58859   
518.898   391.56   2.96747   3.45581   
307.711   396.958   2.82394   3.0982   
473.66   4.55838   3.20546   4.0123   
473.66   4.55838   3.20546   4.0123   
90.2106   7.56611   3.24474   4.10016   
50.2109   13.952   3.44929   4.54115   
368.928   13.6233   3.04002   3.63005   
368.928   13.6233   3.04002   3.63005   
261.737   17.6146   3.13102   3.84281   
261.737   17.6146   3.13102   3.84281   
181.881   21.4656   3.18478   3.96561   
181.881   21.4656   3.18478   3.96561   
412.574   23.3727   3.13138   3.84364   
324.609   26.8609   3.28259   4.1838   
324.609   26.8609   3.28259   4.1838   
324.609   26.8609   3.28259   4.1838   
177.312   30.8763   3.37159   4.37679   
298.999   32.7181   3.04715   3.64694   
182.817   38.3876   3.05961   3.67637   
182.817   38.3876   3.05961   3.67637   
375.091   38.971   3.00852   3.55491   
115.109   43.2107   3.12744   3.83455   
159.711   44.4897   3.26358   4.14191   
177.967   45.2109   3.0733   3.70859   
419.013   44.4993   3.30073   4.22356   
419.013   44.4993   3.30073   4.22356   
169.335   49.056   3.28978   4.19959   
169.335   49.056   3.28978   4.19959   
426.317   49.4722   3.22353   4.05284   
426.317   49.4722   3.22353   4.05284   
475.241   50.2689   3.00326   3.5423   
475.241   50.2689   3.00326   3.5423   
205.438   51.9944   3.13702   3.85662   
43.8415   60.284   3.34633   4.32254   
335.718   59.7752   3.33993   4.30874   
335.718   59.7752   3.33993   4.30874   
276.017   61.7034   3.06071   3.67897   
276.017   61.7034   3.06071   3.67897   
326.982   62.1101   3.2338   4.0758   
326.982   62.1101   3.2338   4.0758   
308.508   66.4235   3.36012   4.35221   
364.05   66.4762   3.14163   3.86722   
530.193   69.1147   3.03427   3.61639   
26.6196   71.7878   3.35597   4.3433   
26.6196   71.7878   3.35597   4.3433   
508.718   72.2875   2.97395   3.47154   
550.063   74.3554   3.4112   4.46104   
550.063   74.3554   3.4112   4.46104   
194.035   76.1881   3.33165   4.29083   
57.6271   78.4271   3.45918   4.5618   
213.873   77.8719   3.29906   4.21991   
396.195   78.9483   3.11814   3.81308   
187.141   80.556   2.94224   3.39422   
487.666   81.5977   3.10834   3.79036   
572.976   81.3499   3.13685   3.85623   
87.3743   84.6412   3.2122   4.02745   
353.938   85.2219   3.08317   3.73172   
282.472   85.8095   3.41042   4.45938   
178.196   87.0441   3.21456   4.03275   
178.196   87.0441   3.21456   4.03275   
267.219   86.7428   3.00539   3.54741   
267.219   86.7428   3.00539   3.54741   
267.219   86.7428   3.00539   3.54741   
543.935   88.2927   3.23687   4.08265   
79.5633   90.3434   3.07561   3.71401   
336.008   91.0201   3.14041   3.8644   
336.008   91.0201   3.14041   3.8644   
518.966   90.5436   3.23193   4.07162   
518.966   90.5436   3.23193   4.07162   
145.855   93.4566   3.25408   4.1209   
145.855   93.4566   3.25408   4.1209   
439.091   95.521   3.19181   3.98152   
439.091   95.521   3.19181   3.98152   
163.026   96.7631   3.37606   4.38634   
458.751   96.6365   3.40507   4.44806   
201.099   101.519   3.42373   4.48748   
314.171   103.814   3.25224   4.11681   
314.171   103.814   3.25224   4.11681   
119.86   108.168   3.08253   3.73021   
446.595   107.8   3.06803   3.6962   
173.461   108.543   3.38485   4.4051   
3.67132   117.073   3.0828   3.73085   
89.0273   118.332   3.13876   3.86061   
386.908   119.951   3.0845   3.73482   
219.568   120.774   3.24118   4.09223   
219.568   120.774   3.24118   4.09223   
520.168   123.032   3.3293   4.28573   
15.1999   126.222   3.44531   4.53282   
360.057   125.753   3.04804   3.64904   
172.94   128.966   3.3336   4.29504   
172.94   128.966   3.3336   4.29504   
121.996   133.165   3.42216   4.48417   
449.54   133.175   3.20643   4.01448   
201.189   135.12   3.20264   4.00595   
353.433   142.415   3.37949   4.39367   
353.433   142.415   3.37949   4.39367   
353.433   142.415   3.37949   4.39367   
353.433   142.415   3.37949   4.39367   
372.479   144.132   3.70735   5.06158   
260.461   146.268   3.05467   3.66472   
322.862   152.342   3.28731   4.19418   
551.059   155.644   3.30572   4.23446   
551.059   155.644   3.30572   4.23446   
62.0537   156.641   3.35504   4.34128   
62.0537   156.641   3.35504   4.34128   
140.034   158.93   3.24379   4.09805   
477.762   161.126   2.96421   3.44788   
477.762   161.126   2.96421   3.44788   
522.194   162.302   3.28759   4.19479   
522.194   162.302   3.28759   4.19479   
66.4402   165.656   3.28006   4.17826   
16.0826   166.799   3.23063   4.06872   
436.522   169.139   3.12232   3.82274   
345.986   170.995   3.40116   4.43978   
152.54   172.061   3.33392   4.29573   
10.041   175.17   3.2886   4.19702   
10.041   175.17   3.2886   4.19702   
472.944   174.992   3.00612   3.54914   
123.945   176.186   3.28682   4.19311   
35.0963   177.221   3.19631   3.99168   
178.208   178.7   3.40421   4.44623   
457.288   181.063   3.11741   3.81137   
486.981   180.978   3.04216   3.63512   
486.981   180.978   3.04216   3.63512   
345.941   182.115   3.38824   4.41232   
345.941   182.115   3.38824   4.41232   
11.5769   186.231   3.28364   4.18612   
329.246   186.222   3.06188   3.68174   
263.068   188.949   3.13236   3.84589   
415.49   188.733   3.14812   3.88209   
169.887   191.277   3.14463   3.87409   
397.174   191.261   3.15518   3.89825   
406.343   194.121   3.05906   3.67509   
406.343   194.121   3.05906   3.67509   
140.263   195.584   3.7302   5.10591   
190.747   195.961   3.13356   3.84865   
350.609   199.45   2.95746   3.43143   
303.908   200.527   3.06008   3.67749   
303.908   200.527   3.06008   3.67749   
336.158   201.926   3.38587   4.40726   
374.16   201.929   3.18162   3.95844   
293.219   202.708   3.24837   4.10823   
293.219   202.708   3.24837   4.10823   
204.264   205.084   3.12802   3.8359   
204.264   205.084   3.12802   3.8359   
204.264   205.084   3.12802   3.8359   
166.523   207.011   3.00287   3.54136   
166.523   207.011   3.00287   3.54136   
558.843   209.125   3.18819   3.97332   
452.729   209.517   3.22222   4.04992   
452.729   209.517   3.22222   4.04992   
47.0171   212.044   3.29754   4.2166   
330.779   211.88   3.40989   4.45826   
330.779   211.88   3.40989   4.45826   
330.779   211.88   3.40989   4.45826   
469.791   212.052   3.37946   4.3936   
260.62   215.89   3.25386   4.1204   
523.955   217.672   2.93055   3.3655   
176.271   218.331   3.24634   4.1037   
217.797   219.144   3.36834   4.36984   
357.026   220.309   3.30168   4.22563   
301.474   222.197   3.77   5.18246   
276.855   222.503   3.34765   4.32538   
179.107   223.096   3.23435   4.07701   
196.492   223.596   3.14209   3.86827   
196.492   223.596   3.14209   3.86827   
209.155   223.603   3.16989   3.9318   
589.492   227.05   3.28746   4.19452   
496.209   227.752   3.19826   3.99607   
311.371   232.474   3.17219   3.93704   
35.0178   234.554   3.1288   3.83769   
347.591   236.483   3.15175   3.8904   
576.915   241.576   3.13037   3.84131   
559.994   242.45   3.12266   3.82352   
30.7103   243.054   3.39748   4.43197   
30.7103   243.054   3.39748   4.43197   
456.148   246.59   3.13306   3.84749   
501.729   245.515   2.93252   3.37034   
501.729   245.515   2.93252   3.37034   
295.456   246.9   3.18172   3.95868   
295.456   246.9   3.18172   3.95868   
295.456   246.9   3.18172   3.95868   
44.7639   247.872   3.25747   4.1284   
44.7639   247.872   3.25747   4.1284   
274.276   248.29   3.40859   4.45553   
572.924   249.325   3.5013   4.64909   
430.213   252.922   3.32626   4.27914   
558.857   253.865   3.04047   3.6311   
495.905   254.91   2.94325   3.39668   
44.6531   257.103   3.32851   4.28402   
44.6531   257.103   3.32851   4.28402   
199.458   259.606   3.35944   4.35074   
403.649   259.392   3.09814   3.76666   
269.026   259.969   3.0389   3.62738   
269.026   259.969   3.0389   3.62738   
269.026   259.969   3.0389   3.62738   
13.3603   261.049   3.12248   3.8231   
91.0658   261.443   2.86303   3.19737   
348.982   265.749   3.35311   4.33714   
348.982   265.749   3.35311   4.33714   
187.137   267.55   3.2287   4.0644   
252.928   266.874   2.99681   3.52677   
320.757   268.239   3.01438   3.56895   
320.757   268.239   3.01438   3.56895   
258.966   269.478   3.32733   4.28146   
321.12   276.957   3.18348   3.96267   
362.155   277.709   3.13271   3.84671   
442.461   278.301   3.20965   4.02172   
205.256   279.869   3.02107   3.58495   
73.4815   282.329   2.88712   3.25779   
96.0985   281.811   3.11214   3.79917   
96.0985   281.811   3.11214   3.79917   
88.567   287.45   2.86342   3.19833   
267.774   288.585   3.28973   4.19948   
343.01   290.191   3.05659   3.66925   
199.036   293.003   3.42034   4.48033   
199.036   293.003   3.42034   4.48033   
128.858   297.623   3.32751   4.28186   
128.858   297.623   3.32751   4.28186   
121.233   303.657   3.39618   4.4292   
157.064   314.907   3.04628   3.64487   
409.389   316.69   3.1878   3.97244   
402.569   321.366   3.0052   3.54694   
557.136   327.056   3.14905   3.88423   
130.332   332.891   3.04429   3.64017   
150.413   334.822   3.46551   4.57498   
187.978   341.24   3.20638   4.01438   
304.584   341.201   2.89483   3.27704   
337.899   342.362   3.21989   4.0447   
337.899   342.362   3.21989   4.0447   
379.873   344.08   3.11477   3.80527   
379.873   344.08   3.11477   3.80527   
34.4327   346.265   3.48404   4.61344   
502.922   346.991   3.21017   4.02288   
471.616   352.423   3.22175   4.04886   
42.3456   359.513   3.32776   4.2824   
342.803   360.325   3.29287   4.20636   
342.803   360.325   3.29287   4.20636   
353.699   359.97   3.28743   4.19444   
359.332   373.929   3.24064   4.09104   
359.332   373.929   3.24064   4.09104   
349.844   374.903   3.36328   4.35899   
332.95   375.787   3.3909   4.41798   
469.781   378.66   2.97893   3.48361   
215.238   380.684   3.0127   3.56492   
587.236   389.976   3.24399   4.0985   
587.236   389.976   3.24399   4.0985   
17.7596   391.345   3.22709   4.0608   
239.784   394.122   3.24657   4.10421   
565.472   394.239   3.09365   3.75619   
565.472   394.239   3.09365   3.75619   
260.264   7.21134   3.64093   -0.0688184   
260.264   7.21134   3.64093   -0.0688184   
160.14   9.91469   3.49369   -0.366593   
466.414   11.3301   3.89416   0.4162   
466.414   11.3301   3.89416   0.4162   
327.025   16.1764   3.75482   0.153359   
327.025   16.1764   3.75482   0.153359   
500.292   16.2126   3.687   0.0218837   
593.228   16.5761   3.57472   -0.201211   
22.0493   19.7912   3.68856   0.0249218   
490.832   21.9847   3.8443   0.323253   
350.199   22.986   3.70023   0.0477197   
37.9394   25.5645   3.62034   -0.109741   
168.024   26.4773   3.6036   -0.143163   
58.4984   27.0648   3.20917   -0.979355   
107.255   27.5187   3.86781   0.36723   
324.523   27.949   3.59815   -0.15408   
177.433   30.7477   3.38051   -0.604152   
229.727   31.5071   3.59304   -0.164325   
530.015   31.5305   3.48418   -0.386254   
21.7589   38.5106   3.7838   0.208812   
134.931   40.9854   3.70752   0.0619142   
115.212   43.1153   3.24556   -0.898018   
382.201   46.747   3.9569   0.531493   
439.916   45.6645   3.7223   0.0906059   
439.916   45.6645   3.7223   0.0906059   
299.181   47.1018   3.46184   -0.432675   
299.181   47.1018   3.46184   -0.432675   
585.588   49.9598   3.58844   -0.173574   
585.588   49.9598   3.58844   -0.173574   
293.555   52.5123   3.63753   -0.075572   
392.857   52.086   3.80098   0.241507   
302.15   57.9799   3.69952   0.0463234   
302.15   57.9799   3.69952   0.0463234   
533.647   60.8096   3.58023   -0.190094   
234.958   61.5578   3.26143   -0.862845   
326.785   62.1156   3.37461   -0.616762   
326.785   62.1156   3.37461   -0.616762   
505.66   63.9784   3.66633   -0.0186731   
505.66   63.9784   3.66633   -0.0186731   
244.663   65.7845   3.67786   0.00396952   
350.87   67.2745   3.79324   0.226801   
417.6   67.922   3.79796   0.235757   
286.089   69.4771   3.57731   -0.195974   
118.142   75.6768   3.66315   -0.0249406   
185.397   77.7689   3.78196   0.205306   
381.871   82.0834   3.53571   -0.280365   
381.871   82.0834   3.53571   -0.280365   
343.597   84.109   3.80124   0.241987   
343.597   84.109   3.80124   0.241987   
282.355   85.516   3.44745   -0.462716   
394.664   91.9587   3.92344   0.47023   
10.1842   95.8085   3.59684   -0.156702   
163.05   96.8611   3.4093   -0.542977   
261.37   96.9562   4.2845   1.10528   
201.558   101.277   3.66033   -0.0304941   
378.787   101.994   3.70625   0.0594347   
378.787   101.994   3.70625   0.0594347   
173.621   108.294   3.55045   -0.250341   
431.28   107.191   4.0287   0.661221   
338.049   109.412   3.64637   -0.0580527   
338.049   109.412   3.64637   -0.0580527   
347.667   112.889   3.98002   0.573512   
88.8717   117.816   3.44616   -0.465419   
156.543   117.802   3.48639   -0.381691   
413.879   119.661   3.53962   -0.27238   
374.041   122.184   3.69119   0.0300722   
374.041   122.184   3.69119   0.0300722   
78.4497   123.26   3.82159   0.280515   
124.429   124.049   3.74063   0.126047   
15.5085   126.265   3.5682   -0.214381   
468.188   125.187   3.56   -0.23097   
468.188   125.187   3.56   -0.23097   
226.797   131.439   4.12184   0.826086   
122.431   133.468   3.51395   -0.324897   
201.327   134.769   3.3822   -0.600552   
498.252   134.703   3.66258   -0.0260583   
498.252   134.703   3.66258   -0.0260583   
283.107   142.476   3.52946   -0.293129   
402.168   142.628   3.70006   0.0473817   
158.472   144.414   3.59068   -0.169066   
271.525   144.515   3.77246   0.187168   
203.983   145.707   3.78799   0.21681   
46.9923   151.01   3.7255   0.096805   
46.9923   151.01   3.7255   0.096805   
309.829   153.857   3.75442   0.152591   
426.931   153.717   3.77382   0.189773   
426.931   153.717   3.77382   0.189773   
111.06   155.651   3.88544   0.400029   
389.946   155.618   3.93354   0.488789   
389.946   155.618   3.93354   0.488789   
446.55   157.881   3.75044   0.144938   
161.668   161.627   3.61812   -0.114167   
286.289   162.314   3.5979   -0.154574   
355.75   163.505   3.95323   0.524801   
355.75   163.505   3.95323   0.524801   
355.75   163.505   3.95323   0.524801   
127.223   166.981   3.61657   -0.117246   
166.197   169.79   3.44466   -0.468561   
346.802   171.152   3.48012   -0.394679   
23.7362   173.974   3.71957   0.0853146   
333.97   176.989   3.36435   -0.638718   
178.107   178.698   3.40835   -0.544991   
265.657   179.886   3.84179   0.318533   
283.883   181.102   3.55313   -0.244912   
283.883   181.102   3.55313   -0.244912   
301.961   181.544   3.57379   -0.203085   
434.727   181.195   3.73832   0.121587   
44.5563   183.821   3.77517   0.192356   
44.5563   183.821   3.77517   0.192356   
86.5836   183.503   3.5023   -0.348849   
130.349   185.863   3.83258   0.301219   
499.496   185.293   3.97084   0.556861   
33.3886   189.995   3.99927   0.608318   
91.3617   192.287   3.68408   0.0161645   
280.295   192.891   3.75817   0.1598   
371.144   191.054   3.24838   -0.891759   
371.144   191.054   3.24838   -0.891759   
396.852   191.217   3.2799   -0.822092   
489.87   196.46   3.88669   0.402357   
254.332   199.61   3.81724   0.272285   
254.332   199.61   3.81724   0.272285   
461.985   203.058   3.64415   -0.0624382   
340.563   210.964   3.82606   0.288934   
340.563   210.964   3.82606   0.288934   
11.0939   211.357   4.3139   1.1546   
46.6122   211.965   3.43711   -0.484378   
195.296   212.139   3.61518   -0.12003   
330.637   211.727   3.49709   -0.359583   
330.637   211.727   3.49709   -0.359583   
330.637   211.727   3.49709   -0.359583   
202.028   214.549   3.53878   -0.274102   
218.404   219.863   3.50234   -0.34877   
95.8772   222.497   4.05479   0.707773   
301.482   221.422   3.47771   -0.399681   
538.337   222.444   3.70641   0.05976   
179.933   223.966   3.59787   -0.154646   
480.162   223.271   3.68338   0.0147908   
422.665   225.49   3.81919   0.275981   
589.765   227.092   3.28198   -0.817531   
371.902   231.807   3.42453   -0.510831   
485.476   231.437   3.70589   0.0587331   
485.476   231.437   3.70589   0.0587331   
96.0975   233.351   3.70945   0.0656603   
84.5211   236.381   3.62951   -0.0914772   
110.954   235.726   3.95833   0.534094   
110.954   235.726   3.95833   0.534094   
414.656   234.906   3.91653   0.457524   
19.1956   238.787   4.16656   0.903928   
434.032   237.683   3.57123   -0.208246   
451.343   238.522   3.83117   0.298569   
196.629   240.522   3.70284   0.0528064   
196.629   240.522   3.70284   0.0528064   
130.133   244.221   3.80747   0.253804   
227.983   248.329   3.96265   0.541961   
464.335   247.745   3.59532   -0.159755   
398.148   250.334   3.55067   -0.249909   
573.084   249.285   3.48617   -0.38214   
496.35   255.467   3.25956   -0.866979   
199.791   259.805   3.43498   -0.488846   
13.2823   261.322   3.27113   -0.841416   
84.8871   263.264   3.59456   -0.161292   
484.192   263.436   3.95207   0.522677   
484.192   263.436   3.95207   0.522677   
394.126   270.511   3.99127   0.59388   
394.126   270.511   3.99127   0.59388   
23.129   274.721   3.98666   0.58555   
23.129   274.721   3.98666   0.58555   
169.468   278.073   3.34794   -0.673984   
425.019   276.847   3.67982   0.00780813   
472.608   279.924   3.58644   -0.177589   
472.608   279.924   3.58644   -0.177589   
243.491   286.721   3.82308   0.28331   
243.491   286.721   3.82308   0.28331   
9.62849   288.23   3.95089   0.520531   
232.204   290.507   3.96512   0.546469   
151.015   303.733   3.7876   0.216064   
75.9981   310.513   3.67729   0.00284774   
101.609   309.55   3.84814   0.330454   
284.333   319.123   3.87425   0.379233   
161.418   322.184   3.48831   -0.377725   
44.0973   327.265   3.82676   0.290255   
389.87   329.56   3.76027   0.163829   
389.87   329.56   3.76027   0.163829   
468.828   329.311   3.35727   -0.653915   
150.348   334.751   3.48788   -0.378616   
219.586   337.641   3.41219   -0.536864   
63.9305   343.462   3.78086   0.203218   
63.9305   343.462   3.78086   0.203218   
153.801   343.594   3.39955   -0.563646   
502.908   347.027   3.29509   -0.788769   
191.611   349.066   3.40613   -0.549687   
520.752   349.994   3.83016   0.296673   
407.061   353.525   3.81598   0.269902   
79.9681   356.221   3.58715   -0.176161   
548.494   367.262   3.84763   0.329492   
243.77   369.908   3.53454   -0.282737   
243.77   369.908   3.53454   -0.282737   
62.0184   374.041   3.67534   -0.000961604   
349.561   374.938   3.39046   -0.582963   
359.908   374.199   3.4799   -0.395139   
359.908   374.199   3.4799   -0.395139   
158.141   378.073   3.60909   -0.132179   
69.28   381.343   3.85592   0.345019   
176.804   383.673   4.06617   0.727992   
369.902   383.829   3.58007   -0.190422   
293.119   385.563   3.79653   0.233041   
484.792   388.599   3.89498   0.417718   
75.3128   390.041   3.54068   -0.270222   
75.3128   390.041   3.54068   -0.270222   
75.3128   390.041   3.54068   -0.270222   
48.3087   391.576   3.43584   -0.487043   
490.838   10.6693   3.90119   0.429216   
195   12.6272   4.37308   1.2529   
451.578   23.8924   4.21285   0.983629   
295.925   26.2974   4.37743   1.26007   
295.925   26.2974   4.37743   1.26007   
10.8958   30.3613   4.36268   1.23571   
370.357   29.2648   4.19674   0.955982   
370.357   29.2648   4.19674   0.955982   
429.935   30.0527   4.16405   0.899572   
358.43   32.254   4.39365   1.28674   
358.43   32.254   4.39365   1.28674   
457.355   34.7942   4.22827   1.00997   
246.25   39.3137   4.53018   1.50749   
330.313   47.7119   3.88718   0.403251   
372.847   55.0981   3.77027   0.182976   
382.886   56.3306   4.36016   1.23155   
459.389   59.1817   4.09469   0.778417   
459.389   59.1817   4.09469   0.778417   
459.389   59.1817   4.09469   0.778417   
577.263   59.8305   4.11937   0.821756   
564.126   63.62   4.42571   1.33918   
564.126   63.62   4.42571   1.33918   
311.158   64.8187   4.98914   2.20359   
373.517   69.4158   4.0533   0.705132   
262.637   75.9434   3.90816   0.442082   
72.8342   81.825   5.07473   2.3263   
334.013   79.9302   4.04046   0.682243   
510.245   84.2206   4.75128   1.85122   
270.744   104.497   4.39515   1.2892   
398.415   103.142   3.99874   0.607372   
549.962   104.608   4.19732   0.956987   
0.293125   107.146   5.05496   2.29813   
0.293125   107.146   5.05496   2.29813   
149.695   109.828   4.33129   1.18362   
509.344   111.284   4.01346   0.633876   
43.155   114.22   4.6269   1.65987   
43.155   114.22   4.6269   1.65987   
43.155   114.22   4.6269   1.65987   
336.084   113.041   4.37938   1.26327   
438.03   117.449   4.34808   1.21154   
479.237   118.724   4.19634   0.955302   
479.237   118.724   4.19634   0.955302   
249.825   121.303   4.31325   1.15352   
295.824   124.928   3.99276   0.59657   
442.387   134.145   4.14486   0.866254   
564.625   133.422   4.01722   0.640629   
564.625   133.422   4.01722   0.640629   
295.157   137.483   4.30453   1.13891   
295.157   137.483   4.30453   1.13891   
3.83383   139.102   4.15607   0.885747   
67.6897   140.947   3.98255   0.578105   
67.6897   140.947   3.98255   0.578105   
412.582   139.708   4.5568   1.54975   
373.661   144.837   4.4886   1.44097   
373.661   144.837   4.4886   1.44097   
58.6164   147.14   3.85096   0.335738   
435.529   145.515   4.41555   1.3226   
519.019   146.328   4.02408   0.652934   
126.447   149.502   4.11188   0.808626   
499.994   153.325   4.14885   0.873192   
463.463   158.397   4.2852   1.10645   
50.2011   173.31   4.45896   1.39317   
283.402   173.625   4.23862   1.02762   
221.561   176.114   4.00898   0.625808   
547.441   177.729   4.09733   0.783058   
62.645   181.383   3.98401   0.580747   
99.2764   185.181   4.19969   0.96106   
99.2764   185.181   4.19969   0.96106   
118.616   187.45   4.43461   1.35368   
118.616   187.45   4.43461   1.35368   
68.8104   191.693   4.15275   0.879971   
68.8104   191.693   4.15275   0.879971   
507.609   192.178   4.17148   0.91243   
59.0408   200.606   4.3674   1.24351   
59.0408   200.606   4.3674   1.24351   
354.108   206.984   3.83288   0.301785   
354.108   206.984   3.83288   0.301785   
212.425   211.384   4.39408   1.28744   
298.055   211.867   4.29156   1.11715   
298.055   211.867   4.29156   1.11715   
106.269   216.565   3.87573   0.381986   
285.221   217.025   4.05486   0.707909   
285.221   217.025   4.05486   0.707909   
547.994   229.524   4.03915   0.679907   
291.42   233.875   4.05619   0.710262   
184.31   237.456   4.16444   0.900252   
387.509   239.56   4.19646   0.955501   
387.509   239.56   4.19646   0.955501   
366.762   250.211   4.38905   1.27919   
366.762   250.211   4.38905   1.27919   
10.7579   251.996   4.0801   0.752664   
29.796   253.847   4.03455   0.671683   
29.796   253.847   4.03455   0.671683   
320.207   257.112   4.24321   1.03542   
320.207   257.112   4.24321   1.03542   
557.069   259.184   4.2815   1.10022   
447.668   260.136   4.04753   0.694844   
63.0318   262.444   4.28587   1.10758   
63.0318   262.444   4.28587   1.10758   
358.752   261.83   4.14372   0.864266   
358.752   261.83   4.14372   0.864266   
474.795   267.521   3.80474   0.248638   
10.3907   277.458   4.2942   1.1216   
122.213   278.807   4.03475   0.672044   
225.96   277.989   4.41064   1.31458   
276.78   278.964   4.27515   1.08951   
387.503   283.502   4.32978   1.1811   
387.503   283.502   4.32978   1.1811   
447.268   283.021   4.60207   1.62105   
255.405   285.225   3.92215   0.467858   
525.702   296.177   4.00945   0.62667   
261.863   310.756   4.10543   0.797303   
467.593   315.503   4.21961   0.995193   
96.1477   322.012   3.95503   0.528089   
199.419   321.597   4.27822   1.0947   
569.594   321.807   4.25324   1.05245   
530.629   322.822   4.73621   1.8283   
530.629   322.822   4.73621   1.8283   
237.275   324.889   4.53019   1.5075   
60.0751   332.351   3.99935   0.608462   
14.053   334.956   3.78132   0.204094   
165.799   342.657   3.95358   0.52544   
19.637   345.9   4.17633   0.920811   
19.637   345.9   4.17633   0.920811   
19.637   345.9   4.17633   0.920811   
71.7898   349.853   4.011   0.629444   
232.584   356.189   4.75539   1.85746   
213.283   360.275   4.37265   1.25218   
213.283   360.275   4.37265   1.25218   
46.8838   369.142   4.40279   1.30173   
255.077   368.834   4.30003   1.13138   
505.549   374.484   4.34525   1.20684   
48.5807   379.981   3.94509   0.509939   
48.5807   379.981   3.94509   0.509939   
274.123   383.461   4.33346   1.18724   
430.446   6.4331   4.84074   1.98577   
389.95   8.63306   4.89549   2.06691   
80.1822   10.5966   4.94527   2.13989   
106.004   10.3735   5.15831   2.44413   
95.1259   19.8504   4.71094   1.78972   
95.1259   19.8504   4.71094   1.78972   
68.8031   24.4948   5.08009   2.33391   
68.8031   24.4948   5.08009   2.33391   
33.1791   26.0566   5.14237   2.42181   
385.991   28.2928   4.76838   1.87713   
385.991   28.2928   4.76838   1.87713   
336.733   34.6742   4.81661   1.94974   
336.733   34.6742   4.81661   1.94974   
336.733   34.6742   4.81661   1.94974   
540.259   43.5443   4.64949   1.695   
59.976   45.0166   4.76108   1.86608   
27.847   49.7214   4.84995   1.99949   
493.238   55.5053   5.07221   2.32271   
179.544   57.3348   4.71086   1.78959   
313.324   58.7103   4.91165   2.09068   
313.324   58.7103   4.91165   2.09068   
11.6931   70.4235   5.20436   2.50824   
321.126   74.9473   4.30833   1.14529   
141.725   75.706   4.70415   1.77932   
469.256   77.0305   4.63044   1.66538   
453.045   79.5828   4.47172   1.41379   
406.8   86.1688   4.9495   2.14606   
521.946   85.9249   4.7805   1.89545   
521.946   85.9249   4.7805   1.89545   
363.335   88.3228   4.68031   1.74267   
202.72   93.1305   5.0408   2.2779   
174.472   93.4686   5.26755   2.59529   
113.328   99.6294   5.22239   2.53319   
29.4383   107.361   4.56851   1.56827   
29.4383   107.361   4.56851   1.56827   
104.399   115.814   4.54583   1.53235   
268.897   117.436   4.42409   1.33654   
176.324   120.308   4.85405   2.00559   
589.52   119.461   4.60688   1.62859   
589.52   119.461   4.60688   1.62859   
48.6229   126.778   4.71467   1.79542   
19.9298   128.974   5.84146   3.34128   
287.724   127.887   4.78249   1.89845   
190.053   140.985   4.87471   2.03622   
306.851   164.654   4.86375   2.01998   
372.034   167.795   4.95048   2.14748   
372.034   167.795   4.95048   2.14748   
372.034   167.795   4.95048   2.14748   
533.679   179.456   5.01855   2.246   
533.679   179.456   5.01855   2.246   
251.937   185.03   5.25329   2.57574   
387.515   185.897   4.79552   1.91807   
78.7476   193.21   4.98098   2.19178   
321.845   199.885   5.13669   2.41384   
162.422   205.25   4.91218   2.09146   
558.134   219.768   5.14158   2.4207   
558.134   219.768   5.14158   2.4207   
438.884   226.216   4.71001   1.78829   
438.884   226.216   4.71001   1.78829   
508.034   228.161   4.59571   1.61107   
172.451   237.778   5.07602   2.32813   
307.216   240.298   5.16474   2.45311   
298.517   259.102   4.76251   1.86826   
34.0579   264.69   4.85816   2.01169   
586.545   267.573   5.09015   2.34818   
211.446   272.199   4.58971   1.60166   
370.836   285.235   4.76787   1.87637   
370.836   285.235   4.76787   1.87637   
415.799   290.513   4.8489   1.99793   
97.4741   297.304   4.73587   1.82779   
221.771   312.311   4.57704   1.58172   
120.065   315.016   5.23996   2.55742   
365.356   314.101   4.77301   1.88414   
209.664   328.747   4.67636   1.73657   
377.111   332.259   5.14986   2.4323   
33.5865   336.771   4.59018   1.6024   
33.5865   336.771   4.59018   1.6024   
360.964   336.448   4.97841   2.18807   
360.964   336.448   4.97841   2.18807   
561.984   352.416   4.91896   2.10141   
169.791   354.625   4.96137   2.16334   
276.789   364.976   5.05995   2.30525   
114.071   374.496   4.95848   2.15912   
524.653   381.235   4.95522   2.15439   
64.5226   9.09454   5.33669   2.68936   
522.954   20.5483   5.20323   2.50668   
226.406   24.6926   5.30111   2.64112   
473.169   24.8167   5.46173   2.85643   
473.169   24.8167   5.46173   2.85643   
37.8929   38.5527   5.25891   2.58346   
253.123   53.6792   5.70649   3.17266   
253.123   53.6792   5.70649   3.17266   
267.097   61.8006   5.78938   3.27669   
267.097   61.8006   5.78938   3.27669   
217.739   63.8852   5.59884   3.03527   
316.795   86.995   5.73526   3.20894   
296.723   90.559   5.75728   3.23658   
361.986   97.1027   5.81093   3.30348   
379.786   97.7464   5.94771   3.47131   
327.844   99.1328   5.82435   3.32013   
496.998   99.4808   6.09808   3.65142   
400.266   118.167   5.70691   3.17319   
483.095   160.552   5.64291   3.09184   
483.095   160.552   5.64291   3.09184   
405.18   164.713   5.92516   3.44391   
405.18   164.713   5.92516   3.44391   
324.079   165.661   5.78997   3.27741   
324.079   165.661   5.78997   3.27741   
324.079   165.661   5.78997   3.27741   
202.331   188.911   6.00979   3.54621   
133.619   194.419   6.0353   3.57676   
270.11   198.658   5.7698   3.25225   
112.037   200.933   5.98321   3.51424   
287.366   200.738   5.1043   2.36821   
36.7758   202.41   5.59519   3.03058   
452.448   214.863   5.42723   2.81072   
395.663   215.614   5.55459   2.97805   
395.663   215.614   5.55459   2.97805   
337.094   224.926   6.19669   3.76713   
186.013   231.527   5.62897   3.074   
125.515   242.222   5.99014   3.52259   
486.228   246.824   5.45011   2.84106   
101.115   249.208   5.68356   3.14362   
79.3857   271.687   5.49701   2.90288   
139.688   284.85   5.24488   2.5642   
139.688   284.85   5.24488   2.5642   
68.1693   285.163   5.60033   3.0372   
80.3596   298.393   5.76211   3.24262   
190.963   299.376   5.83667   3.33536   
211.44   302.02   5.75699   3.23622   
298.867   304.23   5.05527   2.29859   
298.867   304.23   5.05527   2.29859   
509.423   315.003   5.94976   3.47379   
104.478   331.681   5.53563   2.95338   
413.515   334.539   5.83951   3.33888   
413.515   334.539   5.83951   3.33888   
115.815   338.438   5.27081   2.59976   
398.335   343.615   5.4113   2.78952   
398.335   343.615   5.4113   2.78952   
368.605   355.956   5.9108   3.4264   
27.5116   361.735   5.82497   3.32089   
473.707   372.518   5.27536   2.60598   
205.671   374.833   5.34055   2.69459   
205.671   374.833   5.34055   2.69459   
289.471   21.7985   5.95963   3.48576   
396.809   42.1952   7.0592   4.70716   
166.863   67.1467   6.53379   4.14924   
166.863   67.1467   6.53379   4.14924   
166.863   67.1467   6.53379   4.14924   
95.3665   71.4509   6.6926   4.32248   
95.3665   71.4509   6.6926   4.32248   
585.454   75.291   6.55097   4.16819   
479.249   90.5916   6.49786   4.10947   
424.127   92.076   6.09345   3.64594   
424.127   92.076   6.09345   3.64594   
525.813   104.707   6.26834   3.85006   
525.813   104.707   6.26834   3.85006   
65.1228   107.077   6.70992   4.34112   
129.704   121.904   6.17441   3.74114   
65.8148   126.513   5.98043   3.51089   
200.168   126.997   6.86866   4.50978   
296.311   151.872   6.01748   3.55544   
276.168   160.074   6.24671   3.82512   
276.168   160.074   6.24671   3.82512   
36.8201   162.973   6.68095   4.3099   
337.828   163.068   6.57754   4.19738   
337.828   163.068   6.57754   4.19738   
111.543   172.132   6.52527   4.13983   
557.641   191.471   6.66119   4.28854   
532.219   197.233   6.19363   3.76356   
98.55   201.044   6.64303   4.26885   
98.55   201.044   6.64303   4.26885   
98.55   201.044   6.64303   4.26885   
140.937   233.562   6.25863   3.83888   
59.451   236.651   6.17481   3.74162   
329.135   254.447   6.3659   3.96146   
329.135   254.447   6.3659   3.96146   
241.805   267.878   6.60767   4.23035   
140.968   269.166   6.05189   3.59657   
236.633   300.185   6.2051   3.77691   
236.633   300.185   6.2051   3.77691   
494.01   300.442   6.30383   3.89079   
540.051   307.11   6.72292   4.35508   
175.264   310.513   6.48346   4.09346   
122.05   315.792   5.91878   3.43613   
73.9954   328.943   6.61206   4.23514   
42.3852   350.307   6.27389   3.85645   
585.057   350.95   6.49777   4.10936   
325.082   360.554   6.31674   3.90554   
325.082   360.554   6.31674   3.90554   
506.179   360.366   6.00745   3.5434   
459.37   364.483   6.78657   4.42305   
459.37   364.483   6.78657   4.42305   
577.795   364.273   6.22575   3.80087   
34.2479   378.963   6.70667   4.33762   
242.365   17.5627   8.43878   0.994812   
82.904   39.4603   7.57102   0.212082   
103.563   53.0447   7.25252   -0.0979456   
103.563   53.0447   7.25252   -0.0979456   
74.9345   63.3798   7.6977   0.33178   
74.9345   63.3798   7.6977   0.33178   
165.072   68.3311   7.03987   -0.312615   
478.948   91.3969   6.93426   -0.421653   
113.048   97.2983   6.48299   -0.907068   
187.701   103.805   7.55355   0.195413   
130.885   120.749   6.96464   -0.390113   
254.341   136.793   7.09948   -0.251796   
490.982   202.932   7.54985   0.191884   
490.982   202.932   7.54985   0.191884   
38.5678   207.058   7.41829   0.0650728   
38.5678   207.058   7.41829   0.0650728   
387.127   214.734   6.94929   -0.406031   
387.127   214.734   6.94929   -0.406031   
423.491   216.152   7.05276   -0.299421   
423.491   216.152   7.05276   -0.299421   
423.491   216.152   7.05276   -0.299421   
72.3132   223.929   7.07245   -0.279308   
527.46   278.376   7.0277   -0.325097   
506.603   283.985   7.05372   -0.298437   
390.025   317.24   7.63489   0.27268   
390.025   317.24   7.63489   0.27268   
460.9   326.382   7.68801   0.322689   
272.001   327.58   7.57104   0.212098   
187.375   331.011   7.19271   -0.157681   
501.509   336.972   7.75075   0.381317   
501.509   336.972   7.75075   0.381317   
497.135   376.151   7.06609   -0.285799   
95.7509   380.893   6.9167   -0.43994   
186.081   382.17   7.63062   0.268638   
50.2395   35.1602   7.78061   0.409054   
242.848   114.002   9.7606   2.04449   
313.744   122.018   8.06345   0.666624   
138.09   138.649   7.72423   0.356598   
442.926   140.053   7.77782   0.406468   
125.798   158.724   8.34474   0.913976   
254.65   161.277   8.53522   1.07678   
192.407   174.124   8.23331   0.817006   
28.6028   184.306   7.94207   0.557216   
28.6028   184.306   7.94207   0.557216   
132.121   216.543   8.9562   1.42408   
132.121   216.543   8.9562   1.42408   
288.443   226.299   8.58467   1.11845   
288.443   226.299   8.58467   1.11845   
472.095   309.471   8.46476   1.01699   
57.6192   316.748   8.02135   0.628869   
165.853   362.09   9.67625   1.98188   
14.1971   378.754   8.56764   1.10413   
218.562   52.2719   10.2169   2.37407   
95.2615   164.746   9.20177   1.6192   
569.098   180.913   8.85171   1.33942   
403.633   233.707   9.21358   1.62845   
116.29   263.876   9.08332   1.52574   
539.529   353.134   9.28725   1.6859   
484.616   354.372   9.59116   1.91817   
484.616   354.372   9.59116   1.91817   
484.616   354.372   9.59116   1.91817   
282.938   375.523   9.36755   1.748   
134.588   69.7589   11.3811   3.15246   
241.209   113.762   10.3948   2.4986   
241.209   113.762   10.3948   2.4986   
41.0993   284.773   10.5027   2.57309   
185.939   325.19   10.4038   2.50483   
185.939   325.19   10.4038   2.50483   
388.546   371.124   10.486   2.56159   
173.025   273.928   12.458   3.80467   
197.824   357.08   12.5124   3.83606   
431.561   354.257   13.2087   4.22675   
228.98   113.614   15.3056   0.289574   
228.98   113.614   15.3056   0.289574   
224.328   190.169   14.1263   -0.288799   
489.839   238.579   15.077   0.181039   
489.839   238.579   15.077   0.181039   
489.839   238.579   15.077   0.181039   
92.2649   124.67   15.5839   0.419573   
440.819   264.688   19.4549   2.01997   
283.571   291.838   29.5817   0.0427991   
283.571   291.838   29.5817   0.0427991   
460.008   142.545   47.2252   3.41706   
